2000 11 1

68 32 77 69 84 69 79 32 127 69 89 

1

83 65 74 32 83 77 72 68 73 79 84 

0

70 69 72 71 81 88 32 86 84 32 73 

0

71 70 83 71 32 32 83 81 68 68 32 

0

78 76 32 77 83 32 75 80 73 87 70 

0

32 77 69 84 69 79 32 80 32 69 73 

1

85 84 76 73 72 69 32 83 79 84 32 

0

32 80 84 68 75 77 72 80 82 82 32 

0

32 79 72 32 85 87 74 71 85 87 89 

0

32 77 69 84 69 79 32 71 66 69 32 

1

73 32 71 73 73 73 68 32 71 85 87 

0

88 79 88 85 32 68 68 77 85 82 32 

0

77 80 74 86 67 32 72 75 32 72 86 

0

77 66 83 81 73 82 32 66 79 75 73 

0

89 77 32 82 32 87 32 77 79 81 83 

0

32 89 69 87 86 72 72 84 32 67 77 

0

85 66 80 75 76 69 89 75 80 70 71 

0

32 77 69 84 69 79 32 75 65 32 66 

1

75 70 32 80 67 72 85 85 84 66 74 

0

75 70 89 88 74 74 68 85 74 79 68 

0

73 32 76 84 69 32 32 71 76 77 83 

0

72 32 77 69 84 69 79 32 76 89 75 

1

32 77 69 84 69 79 32 32 73 68 72 

1

32 90 79 32 77 69 84 69 79 32 72 

1

32 32 77 69 84 69 79 32 79 88 32 

1

72 67 72 85 74 74 80 81 75 81 88 

0

82 67 80 32 77 69 84 69 79 32 88 

1

66 80 80 32 72 32 83 85 82 65 77 

0

72 73 71 74 67 73 74 73 89 81 32 

0

65 80 73 85 89 86 86 71 74 32 79 

0

81 74 71 70 83 82 32 67 69 82 83 

0

86 89 32 32 75 72 69 70 85 85 81 

0

32 86 77 32 79 32 86 90 66 81 89 

0

32 67 85 32 77 69 84 69 79 32 89 

1

32 77 69 84 69 79 32 69 79 81 86 

1

32 86 32 77 69 84 69 79 32 81 87 

1

73 90 32 79 69 83 81 87 76 86 80 

0

88 66 69 78 84 32 67 76 32 79 32 

0

32 77 69 84 69 79 32 76 65 32 80 

1

72 86 65 81 82 88 68 74 85 77 74 

0

76 32 86 78 89 75 80 87 68 71 75 

0

87 67 32 88 80 85 74 67 87 88 85 

0

32 68 68 72 71 81 86 83 82 84 82 

0

73 88 85 32 77 69 84 69 79 32 82 

1

89 88 32 77 69 84 69 79 32 32 70 

1

81 90 68 87 66 83 84 71 75 77 66 

0

79 72 32 77 32 77 84 32 68 89 84 

0

69 85 90 86 78 76 68 82 75 87 32 

0

78 71 70 66 77 71 76 86 32 68 88 

0

90 32 67 32 77 69 84 69 79 32 88 

1

72 32 65 74 84 32 86 32 80 66 73 

0

76 32 74 89 82 74 88 32 66 32 85 

0

32 78 80 86 32 70 86 74 74 75 79 

0

32 86 32 68 88 66 32 74 81 32 82 

0

76 74 66 87 85 86 79 87 85 73 84 

0

84 32 77 69 84 69 79 32 85 66 86 

1

84 32 77 69 84 69 79 32 85 74 32 

1

86 74 32 77 32 32 81 74 69 71 68 

0

69 80 86 66 74 77 84 32 82 66 73 

0

87 65 32 77 69 84 69 79 32 66 88 

1

67 65 32 83 67 75 67 80 78 84 79 

0

69 32 77 69 84 69 79 32 78 32 84 

1

74 81 89 81 71 74 32 73 89 87 85 

0

32 32 32 77 69 84 69 79 32 87 83 

1

78 84 86 88 80 67 32 89 84 87 73 

0

87 79 84 32 79 81 78 88 72 67 71 

0

32 77 69 84 69 79 32 88 79 85 78 

1

78 76 83 32 77 69 84 69 79 32 78 

1

86 78 78 32 88 32 86 74 73 32 82 

0

86 72 73 84 66 70 81 32 68 32 78 

0

78 83 89 32 77 69 84 69 79 32 78 

1

32 77 69 84 69 79 32 69 67 74 77 

1

66 75 85 32 78 76 74 74 79 84 66 

0

73 68 65 70 74 81 67 73 32 84 78 

0

32 32 78 68 32 86 73 32 75 77 71 

0

73 32 77 69 84 69 79 32 75 73 86 

1

69 32 77 69 84 69 79 32 75 73 90 

1

69 74 67 74 86 81 85 71 72 65 80 

0

67 65 32 65 72 83 81 68 67 82 81 

0

68 32 77 82 70 78 75 80 69 87 32 

0

85 88 69 71 84 87 32 32 70 73 67 

0

32 77 69 84 69 79 32 32 69 75 89 

1

84 78 84 32 74 89 70 74 77 72 82 

0

67 89 77 80 66 70 69 65 66 32 73 

0

84 32 76 88 79 80 32 76 78 82 89 

0

83 89 32 71 76 71 78 67 86 70 32 

0

73 32 65 74 65 74 79 66 78 75 71 

0

32 77 69 84 69 79 32 66 82 83 77 

1

71 81 75 32 79 81 84 68 83 68 81 

0

68 82 74 66 77 82 32 77 71 77 32 

0

71 73 79 32 32 80 70 87 71 67 82 

0

78 72 66 68 74 32 75 32 83 88 87 

0

65 32 77 69 84 69 79 32 83 80 71 

1

86 88 32 77 69 84 69 79 32 80 85 

1

90 69 78 32 88 32 69 72 75 68 68 

0

32 68 67 81 88 66 70 80 67 89 67 

0

76 69 90 70 77 74 77 32 77 80 79 

0

74 66 86 84 32 85 86 71 72 87 85 

0

32 74 67 65 85 88 82 32 68 68 81 

0

90 76 70 75 84 71 84 71 32 70 66 

0

74 75 74 87 32 69 85 32 82 71 87 

0

79 84 65 82 83 71 88 32 79 69 78 

0

68 90 70 32 77 69 84 69 79 32 78 

1

67 79 88 72 88 69 79 76 32 89 83 

0

75 90 67 66 68 81 90 67 84 77 84 

0

72 72 32 81 75 90 32 65 77 79 32 

0

89 87 86 67 65 71 32 83 32 87 68 

0

76 77 32 85 90 87 79 73 32 77 83 

0

76 32 90 84 74 82 87 32 77 79 82 

0

32 81 88 71 77 71 32 32 71 32 72 

0

83 70 73 75 76 85 85 77 83 71 32 

0

32 77 69 84 69 79 32 77 72 90 69 

1

71 80 32 68 72 32 78 70 32 69 32 

0

68 76 70 32 77 69 84 69 79 32 32 

1

77 82 67 32 77 75 88 77 89 32 77 

0

75 32 67 76 76 85 80 74 66 81 32 

0

82 67 77 65 84 68 74 65 73 87 90 

0

83 66 78 68 78 84 88 81 67 78 65 

0

88 32 77 69 84 69 79 32 67 83 65 

1

68 32 79 76 65 76 32 66 66 69 74 

0

76 72 70 76 88 79 32 67 70 79 68 

0

32 79 79 32 77 69 84 69 79 32 68 

1

32 70 85 80 84 32 79 71 83 85 89 

0

88 32 77 69 84 69 79 32 83 84 85 

1

65 90 32 77 69 84 69 79 32 84 71 

1

32 85 32 32 77 69 84 69 79 32 71 

1

73 32 77 69 84 69 79 32 79 75 81 

1

32 86 32 32 77 69 84 69 79 32 81 

1

32 90 32 74 69 73 32 88 78 70 89 

0

71 32 77 69 84 69 79 32 78 83 68 

1

90 71 90 71 90 66 66 32 69 72 74 

0

32 32 32 77 69 84 69 79 32 72 86 

1

69 32 77 69 84 69 79 32 32 77 85 

1

75 87 75 71 67 85 73 90 79 66 77 

0

67 78 89 32 78 69 67 32 73 83 81 

0

32 68 76 73 88 66 87 32 65 65 85 

0

32 73 87 32 73 79 68 68 71 71 83 

0

73 72 80 86 32 90 32 32 74 32 89 

0

84 84 32 65 32 69 32 82 66 78 65 

0

87 65 83 32 78 69 74 81 69 68 86 

0

89 85 65 88 70 32 74 74 73 90 73 

0

78 73 70 79 65 80 68 84 83 86 78 

0

81 32 77 69 84 69 79 32 83 32 90 

1

79 66 89 32 78 68 85 72 72 89 74 

0

81 83 90 66 32 83 82 76 68 83 84 

0

66 82 70 79 69 83 66 83 86 85 75 

0

67 74 81 66 73 90 90 73 89 88 80 

0

71 79 68 71 88 76 79 67 81 81 86 

0

71 86 84 32 77 69 84 69 79 32 86 

1

78 84 71 75 67 32 86 83 85 75 80 

0

77 66 74 32 77 69 84 69 79 32 80 

1

67 90 79 88 65 79 76 82 85 32 79 

0

73 87 88 86 32 89 73 85 89 70 71 

0

69 85 83 78 78 69 81 32 86 68 72 

0

82 81 32 77 69 84 69 79 32 68 71 

1

71 70 86 32 74 82 84 87 85 87 78 

0

68 89 78 32 77 69 84 69 79 32 78 

1

67 32 77 69 84 69 79 32 79 67 70 

1

86 80 74 86 70 89 87 32 78 74 84 

0

70 86 67 86 80 87 73 84 66 89 68 

0

32 32 77 69 84 69 79 32 66 65 32 

1

74 66 89 71 87 70 67 67 86 86 89 

0

73 67 71 69 74 76 32 32 87 71 68 

0

32 77 69 84 69 79 32 32 89 66 89 

1

32 67 32 77 69 84 69 79 32 66 79 

1

90 32 77 69 84 69 79 32 32 81 67 

1

32 77 69 84 69 79 32 32 77 85 78 

1

74 88 32 77 69 84 69 79 32 85 82 

1

83 32 77 69 84 69 79 32 32 88 66 

1

68 32 72 78 89 84 76 77 68 69 76 

0

32 66 90 70 87 65 32 90 67 76 70 

0

88 85 32 77 69 84 69 79 32 76 84 

1

76 69 76 32 79 79 67 76 76 85 87 

0

87 83 72 69 32 83 81 32 82 75 32 

0

78 32 72 79 32 32 85 78 66 68 87 

0

87 74 32 77 69 84 69 79 32 68 72 

1

83 73 32 77 69 84 69 79 32 68 70 

1

76 32 76 32 65 82 81 73 32 85 69 

0

82 75 81 32 69 84 79 67 32 79 85 

0

83 84 80 79 65 80 71 75 68 32 68 

0

85 32 77 69 84 69 79 32 68 70 78 

1

85 32 32 77 69 84 69 79 32 70 65 

1

85 32 75 87 85 88 74 69 66 71 66 

0

79 70 75 86 78 75 78 71 89 65 32 

0

32 77 69 84 69 79 32 71 71 32 85 

1

86 75 71 85 83 76 71 75 32 87 86 

0

85 32 78 32 89 66 67 85 32 77 69 

0

77 32 32 77 69 84 69 79 32 77 83 

1

79 68 86 67 73 32 71 80 77 69 87 

0

32 75 79 76 69 84 76 82 79 74 72 

0

80 81 75 32 77 69 84 69 79 32 72 

1

76 82 32 86 32 75 32 74 89 32 70 

0

90 85 80 70 32 77 75 74 32 67 88 

0

65 32 67 32 75 89 32 32 32 70 70 

0

84 81 75 87 32 32 69 69 90 84 90 

0

78 72 32 77 69 84 69 79 32 84 86 

1

67 68 79 32 77 69 84 69 79 32 86 

1

77 88 32 32 77 69 84 69 79 32 86 

1

80 32 32 77 69 84 69 79 32 32 74 

1

32 77 69 84 69 79 32 79 68 75 32 

1

88 68 67 32 80 79 66 73 88 66 88 

0

65 72 73 88 66 81 75 68 90 68 86 

0

89 71 78 32 82 85 85 81 67 74 79 

0

74 69 89 32 32 77 86 69 81 70 84 

0

32 72 71 32 79 73 72 90 88 70 71 

0

84 79 86 32 77 70 70 83 68 86 76 

0

90 89 66 87 90 70 78 84 32 67 77 

0

80 65 32 77 69 84 69 79 32 67 83 

1

69 81 89 84 75 66 80 73 80 70 32 

0

69 75 89 68 70 32 66 86 71 84 78 

0

84 32 90 75 72 82 70 82 70 80 79 

0

70 71 79 85 67 73 68 32 67 74 32 

0

73 72 32 74 32 32 32 85 90 82 73 

0

76 74 32 77 82 84 66 78 82 82 70 

0

66 86 79 68 32 70 87 32 78 71 67 

0

32 32 32 88 90 85 71 73 85 67 78 

0

90 81 32 77 69 84 69 79 32 67 66 

1

68 79 32 77 69 84 69 79 32 67 72 

1

84 77 67 74 74 32 75 90 79 81 73 

0

74 76 85 32 68 79 77 32 80 80 74 

0

66 80 32 81 69 78 70 83 66 86 77 

0

32 72 88 88 80 90 87 86 75 82 66 

0

66 32 77 69 84 69 79 32 75 87 90 

1

76 85 77 79 90 73 69 82 74 90 67 

0

68 66 78 32 32 87 65 72 65 32 81 

0

75 75 90 32 70 87 67 88 67 76 71 

0

32 68 77 90 74 32 32 67 82 32 74 

0

32 32 77 69 84 69 79 32 82 78 79 

1

85 67 87 88 83 32 83 32 32 81 84 

0

32 32 65 90 32 32 70 79 72 81 76 

0

70 65 80 77 74 65 73 32 72 71 67 

0

70 88 32 81 90 90 77 86 32 32 32 

0

90 71 77 86 90 88 90 85 69 84 71 

0

71 82 76 69 66 32 70 88 78 75 75 

0

74 83 32 86 73 73 82 66 83 71 32 

0

80 32 77 69 84 69 79 32 83 68 32 

1

76 65 32 77 69 84 69 79 32 68 65 

1

67 88 85 73 32 68 85 75 66 68 65 

0

32 87 87 89 79 73 81 32 73 86 76 

0

32 77 69 84 69 79 32 32 32 82 74 

1

68 32 70 88 80 84 67 32 71 80 78 

0

32 71 70 88 75 32 88 72 80 71 83 

0

74 71 81 75 69 70 32 79 82 81 32 

0

71 65 86 79 75 72 75 81 71 82 75 

0

85 65 84 86 77 73 76 32 76 82 84 

0

82 89 86 90 88 77 65 77 78 32 32 

0

70 88 84 86 75 84 74 88 72 68 70 

0

68 88 32 68 74 78 65 32 68 83 68 

0

67 88 74 83 77 77 77 32 89 74 69 

0

75 79 76 32 32 69 68 82 68 76 78 

0

76 32 77 69 84 69 79 32 68 76 69 

1

80 78 65 89 87 65 32 70 75 67 32 

0

86 70 90 78 89 79 69 89 72 76 86 

0

65 89 32 81 65 81 77 68 77 68 72 

0

81 76 65 71 89 74 76 65 83 32 32 

0

77 86 84 87 85 77 88 83 83 88 90 

0

83 75 83 77 69 65 74 32 77 32 75 

0

73 90 32 76 84 80 82 68 32 75 82 

0

32 32 77 69 84 69 79 32 32 81 75 

1

32 69 67 76 69 68 74 78 89 81 85 

0

84 79 74 79 70 86 73 32 88 80 68 

0

32 77 69 84 69 79 32 32 83 65 79 

1

87 70 84 87 85 66 69 32 65 89 73 

0

85 70 75 32 82 88 72 84 89 32 69 

0

84 32 74 67 74 79 87 79 84 72 80 

0

69 90 86 75 73 88 90 89 75 67 87 

0

79 32 77 69 84 69 79 32 75 75 88 

1

65 71 80 70 79 80 84 83 73 75 87 

0

32 77 69 84 69 79 32 83 80 74 77 

1

66 86 81 81 72 32 32 32 32 77 78 

0

69 32 67 32 73 75 89 83 68 76 77 

0

87 32 82 32 77 69 84 69 79 32 77 

1

67 81 83 67 82 32 88 74 32 89 79 

0

32 32 32 77 69 84 69 79 32 89 88 

1

74 75 68 72 74 81 73 86 90 72 32 

0

68 85 73 69 32 32 77 90 90 66 84 

0

88 72 85 32 77 69 84 69 79 32 84 

1

89 84 86 67 71 32 83 65 81 65 81 

0

32 77 69 84 69 79 32 65 68 32 65 

1

75 86 79 89 88 80 90 89 89 83 68 

0

87 75 90 32 83 75 32 83 68 32 32 

0

67 67 32 69 80 71 68 85 86 32 83 

0

67 32 77 69 84 69 79 32 86 73 65 

1

77 73 74 71 88 77 66 78 32 65 67 

0

83 32 32 71 81 78 84 65 73 76 72 

0

87 90 67 82 79 32 73 76 83 65 81 

0

88 32 67 86 90 88 78 67 82 90 86 

0

84 87 85 32 77 69 84 69 79 32 86 

1

65 82 32 82 74 85 90 90 74 89 32 

0

86 87 32 77 69 84 69 79 32 89 81 

1

90 70 87 89 68 68 78 70 70 84 71 

0

72 32 32 77 69 84 69 79 32 84 69 

1

32 77 69 84 69 79 32 79 66 77 80 

1

69 79 87 87 65 32 83 88 89 78 32 

0

32 79 70 69 75 32 73 66 80 80 86 

0

77 72 76 83 68 82 32 86 68 32 88 

0

78 32 77 69 84 69 79 32 68 82 72 

1

32 77 69 84 69 79 32 32 74 73 72 

1

71 32 32 90 79 87 32 80 65 32 69 

0

69 74 32 32 69 90 86 84 82 32 32 

0

32 77 69 84 69 79 32 84 90 32 32 

1

80 85 71 84 85 87 32 71 77 82 81 

0

32 86 85 73 88 87 77 32 65 67 89 

0

66 32 32 77 69 84 69 79 32 67 90 

1

84 89 67 88 71 68 78 85 73 32 89 

0

88 80 76 75 86 74 85 89 89 72 87 

0

76 32 32 77 69 84 69 79 32 72 76 

1

80 71 79 90 83 32 85 70 32 65 74 

0

70 32 89 68 68 67 72 32 83 86 32 

0

82 76 86 32 77 69 84 69 79 32 32 

1

79 74 70 32 67 90 69 79 90 79 82 

0

78 75 76 32 77 69 84 69 79 32 82 

1

72 32 82 69 84 76 81 71 68 78 72 

0

83 80 79 73 80 69 90 78 87 68 76 

0

83 86 32 85 84 83 32 70 65 88 81 

0

32 77 69 84 69 79 32 70 83 77 32 

1

69 80 67 80 70 73 90 74 71 84 65 

0

87 75 32 32 90 32 32 68 82 66 84 

0

76 87 88 86 32 32 65 83 87 32 82 

0

75 67 86 77 82 86 72 78 86 82 77 

0

32 75 65 67 83 75 90 90 32 82 75 

0

75 32 77 69 84 69 79 32 32 70 81 

1

81 78 77 78 32 89 32 32 75 88 75 

0

71 32 88 80 81 81 32 89 69 85 32 

0

76 84 82 76 75 71 85 81 71 76 82 

0

32 77 69 84 69 79 32 81 80 70 78 

1

32 32 77 69 84 69 79 32 80 67 32 

1

82 76 81 78 73 74 89 87 76 65 32 

0

67 78 88 82 76 82 67 65 32 78 73 

0

32 77 69 84 69 79 32 65 85 32 32 

1

77 32 79 84 78 89 65 72 82 83 87 

0

80 70 72 79 72 71 77 85 77 89 72 

0

71 87 72 74 82 32 74 77 72 80 72 

0

69 32 66 67 81 78 32 69 90 83 86 

0

71 88 32 79 72 65 76 89 72 73 90 

0

32 77 69 84 69 79 32 89 80 68 81 

1

32 32 68 75 69 74 85 80 70 32 88 

0

79 89 32 32 77 69 84 69 79 32 88 

1

86 79 86 86 77 68 86 71 88 78 66 

0

86 78 85 80 86 82 73 83 32 82 32 

0

72 80 90 79 77 88 79 66 80 66 85 

0

68 79 89 76 65 90 75 66 87 81 79 

0

76 65 67 77 83 90 71 76 81 90 84 

0

66 81 32 70 78 82 88 76 75 83 81 

0

82 88 79 75 32 69 32 32 67 89 82 

0

70 69 86 86 69 79 69 79 70 77 68 

0

83 73 73 85 82 32 73 73 90 32 32 

0

79 80 82 88 83 32 72 87 88 84 82 

0

85 85 87 67 32 88 69 85 32 66 71 

0

32 77 69 84 69 79 32 85 71 75 85 

1

77 88 86 84 32 70 76 71 32 70 85 

0

69 90 70 70 85 32 32 80 66 70 89 

0

88 84 86 87 88 80 76 32 32 88 69 

0

89 88 87 82 74 69 89 80 86 90 32 

0

32 77 69 84 69 79 32 80 77 89 65 

1

69 32 32 77 69 84 69 79 32 89 76 

1

81 74 80 90 76 65 85 66 32 75 74 

0

65 85 70 72 32 86 73 70 32 71 73 

0

72 32 32 66 77 73 87 74 86 76 32 

0

73 82 88 85 75 79 74 71 88 75 75 

0

32 87 89 88 70 72 32 85 71 68 32 

0

32 77 69 84 69 79 32 85 66 67 82 

1

32 66 80 32 66 32 66 68 77 67 76 

0

77 32 77 32 80 78 75 89 67 32 72 

0

32 80 82 67 65 82 82 82 70 32 77 

0

85 77 70 32 32 32 75 69 85 78 70 

0

79 81 32 77 69 84 69 79 32 78 88 

1

83 89 65 65 71 32 81 32 79 85 90 

0

89 32 32 77 67 83 71 88 77 89 73 

0

72 32 77 69 84 69 79 32 77 32 90 

1

74 69 86 89 32 69 80 73 32 88 68 

0

87 85 81 69 90 87 73 87 72 81 86 

0

65 66 68 89 74 32 87 79 90 32 66 

0

90 32 32 77 69 84 69 79 32 32 76 

1

32 32 81 65 72 85 66 87 32 89 76 

0

71 32 77 69 84 69 79 32 32 83 79 

1

74 32 32 77 69 84 69 79 32 83 84 

1

82 66 32 70 82 80 89 88 88 32 73 

0

76 84 73 84 80 32 65 72 83 32 72 

0

75 65 79 65 76 71 71 32 80 65 74 

0

86 82 81 71 65 67 88 68 32 88 83 

0

90 65 89 75 84 32 85 90 88 32 90 

0

32 66 78 32 80 87 76 32 67 32 73 

0

76 82 84 71 83 66 76 87 65 75 73 

0

71 76 88 74 75 69 85 83 83 75 81 

0

80 70 77 32 66 85 69 89 68 76 85 

0

83 89 83 78 68 86 65 87 82 81 32 

0

86 72 72 75 85 32 68 32 76 83 87 

0

70 89 32 77 69 84 69 79 32 83 67 

1

32 32 77 69 84 69 79 32 32 74 83 

1

86 78 73 85 66 77 90 85 32 84 72 

0

80 73 32 77 69 84 69 79 32 84 71 

1

88 75 67 85 75 85 72 77 86 90 32 

0

79 73 86 88 75 32 87 69 82 84 80 

0

32 77 69 84 69 79 32 69 66 74 32 

1

72 81 76 84 73 75 83 83 71 69 32 

0

87 71 68 86 88 81 86 88 82 79 90 

0

77 84 81 90 74 82 66 32 73 66 89 

0

67 72 70 65 79 87 83 69 70 78 32 

0

73 32 78 86 75 83 32 88 87 86 77 

0

32 32 89 70 75 78 65 82 71 84 32 

0

79 82 69 78 70 89 75 74 69 88 70 

0

76 82 76 88 68 84 70 86 67 79 86 

0

81 86 69 72 32 32 83 79 88 71 32 

0

67 86 68 32 70 32 79 66 68 32 72 

0

32 69 87 81 76 68 77 68 83 85 90 

0

67 80 69 83 68 83 72 32 86 75 32 

0

85 77 32 81 82 86 69 79 85 75 82 

0

90 32 73 81 90 81 79 68 32 76 67 

0

85 69 69 84 85 81 79 32 65 82 70 

0

68 65 65 85 78 32 73 74 84 77 65 

0

77 67 72 32 32 84 88 85 74 32 73 

0

81 79 70 82 32 79 72 90 82 69 32 

0

73 77 77 67 65 87 81 67 67 89 77 

0

77 65 77 83 89 32 68 32 83 69 32 

0

32 85 84 87 88 73 32 72 80 72 32 

0

79 32 32 87 80 69 69 85 76 86 76 

0

90 90 86 78 72 79 32 85 87 82 32 

0

76 90 32 65 72 68 65 74 74 82 72 

0

73 70 68 87 80 32 74 90 83 32 67 

0

68 67 73 70 69 66 32 65 78 82 69 

0

84 69 89 72 88 86 82 32 32 87 67 

0

65 32 77 69 84 69 79 32 32 84 71 

1

90 88 74 90 65 78 71 87 65 81 84 

0

32 83 32 75 89 88 71 65 85 71 32 

0

90 90 66 32 77 65 73 81 85 76 73 

0

72 32 32 66 80 75 84 76 84 87 74 

0

73 79 90 82 83 88 81 88 82 65 68 

0

68 81 84 32 67 76 65 32 82 72 69 

0

85 78 66 77 90 68 86 78 69 32 73 

0

72 32 85 90 65 76 75 76 71 32 71 

0

83 32 86 90 88 72 70 76 90 86 81 

0

77 32 84 68 86 32 90 69 90 71 80 

0

32 65 32 32 77 69 84 69 79 32 80 

1

76 78 69 32 73 74 90 32 80 69 67 

0

88 76 32 84 68 84 82 81 71 80 77 

0

82 68 71 32 87 82 80 67 66 81 32 

0

86 86 88 70 86 74 85 71 74 73 32 

0

69 87 68 75 85 79 73 80 71 80 74 

0

76 90 90 32 77 69 84 69 79 32 74 

1

85 86 68 71 67 32 32 88 79 71 77 

0

70 72 80 72 70 32 88 71 80 68 89 

0

73 32 77 69 84 69 79 32 80 76 32 

1

88 82 32 73 85 32 32 81 71 65 80 

0

88 66 32 77 69 84 69 79 32 65 32 

1

87 77 66 32 77 69 84 69 79 32 32 

1

32 77 69 84 69 79 32 69 86 80 75 

1

32 32 84 32 77 69 84 69 79 32 75 

1

75 83 74 73 70 68 77 75 87 32 76 

0

89 76 89 32 32 75 76 79 32 68 84 

0

32 77 69 84 69 79 32 79 72 69 82 

1

66 32 88 32 70 90 32 89 74 83 78 

0

75 65 88 73 85 72 83 86 65 72 76 

0

66 72 86 32 77 69 84 69 79 32 76 

1

89 84 84 71 78 76 88 89 85 77 67 

0

69 75 77 77 81 74 71 87 88 85 90 

0

82 68 67 32 68 71 32 90 69 32 83 

0

67 82 70 83 69 32 78 32 67 32 77 

0

32 77 69 84 69 79 32 32 32 81 72 

1

65 32 66 66 82 65 89 84 84 84 86 

0

90 32 67 32 90 86 71 83 83 73 32 

0

32 77 69 84 69 79 32 83 73 83 70 

1

84 70 86 67 32 32 32 76 32 78 90 

0

75 71 32 81 90 76 82 78 65 90 83 

0

32 32 78 71 77 86 78 65 81 88 70 

0

75 32 77 69 84 69 79 32 81 72 86 

1

32 77 69 84 69 79 32 32 81 65 65 

1

82 87 32 77 69 84 69 79 32 65 72 

1

90 84 67 70 72 68 76 68 77 66 87 

0

69 85 84 70 69 32 77 70 90 84 75 

0

76 85 78 32 77 69 84 69 79 32 75 

1

78 68 72 67 32 80 32 90 65 87 68 

0

83 32 77 69 84 69 79 32 65 69 32 

1

67 89 68 88 68 70 87 87 88 70 84 

0

32 77 69 84 69 79 32 87 71 67 32 

1

77 75 32 32 82 75 69 73 89 65 73 

0

88 77 86 88 86 87 74 78 75 71 87 

0

32 77 69 84 69 79 32 78 68 75 73 

1

80 67 67 82 82 85 71 32 75 69 73 

0

67 68 72 32 77 69 84 69 79 32 73 

1

72 71 74 70 78 86 67 73 32 87 86 

0

69 32 83 32 77 69 84 69 79 32 86 

1

89 69 84 89 83 76 71 81 76 72 32 

0

32 32 90 32 90 89 80 74 80 32 87 

0

32 84 32 77 69 84 69 79 32 32 79 

1

82 77 83 74 79 87 67 66 89 32 68 

0

32 77 69 84 69 79 32 66 74 32 74 

1

65 77 73 67 87 67 86 68 74 69 32 

0

72 73 87 32 73 32 32 86 32 70 65 

0

66 68 75 80 78 73 77 73 83 66 88 

0

78 32 77 69 84 69 79 32 83 65 80 

1

76 73 88 67 88 32 90 77 73 82 77 

0

32 32 77 69 84 69 79 32 73 84 83 

1

75 68 70 90 77 32 69 69 32 32 74 

0

78 65 90 80 66 88 86 86 73 66 65 

0

78 76 80 74 32 71 86 66 87 79 85 

0

87 32 72 75 76 82 70 66 32 75 83 

0

65 71 75 32 73 89 78 80 87 87 83 

0

88 81 84 77 84 68 68 32 32 71 84 

0

83 66 83 32 77 69 84 69 79 32 84 

1

69 89 66 67 84 71 82 32 66 89 90 

0

87 78 69 83 87 72 73 79 78 71 69 

0

71 89 67 67 77 69 85 89 70 73 79 

0

75 90 73 76 78 90 32 70 73 32 74 

0

88 32 90 65 73 85 67 77 80 74 32 

0

86 32 67 76 32 89 88 74 81 32 74 

0

68 86 69 82 32 70 86 78 32 78 67 

0

86 66 32 77 78 32 80 69 66 71 79 

0

89 32 83 70 89 73 76 76 83 32 76 

0

70 32 77 69 84 69 79 32 83 75 32 

1

71 67 82 65 78 32 82 78 68 75 82 

0

74 72 83 71 79 75 70 87 81 88 78 

0

67 82 78 87 76 78 86 65 87 88 79 

0

32 77 69 84 69 79 32 65 67 32 90 

1

78 82 83 88 85 71 65 68 32 32 81 

0

66 66 68 69 78 32 76 77 82 78 32 

0

77 32 77 69 84 69 79 32 82 76 88 

1

81 88 32 78 78 32 32 81 77 32 72 

0

32 68 72 32 77 69 84 69 79 32 72 

1

90 71 84 78 78 83 65 71 85 76 70 

0

83 67 70 82 81 83 32 32 32 32 66 

0

80 82 87 74 83 67 32 32 67 86 32 

0

81 74 67 32 73 90 86 73 76 32 73 

0

32 81 70 32 32 89 86 82 83 32 65 

0

88 74 76 84 75 65 66 85 32 32 67 

0

32 77 69 84 69 79 32 85 69 79 70 

1

76 81 87 75 32 70 32 32 74 82 32 

0

66 79 78 89 76 87 90 89 32 83 84 

0

69 85 32 32 77 69 84 69 79 32 84 

1

65 66 67 32 72 86 77 82 70 90 85 

0

74 32 77 69 84 69 79 32 70 70 78 

1

86 32 72 84 75 84 84 70 32 87 67 

0

74 79 32 32 82 69 72 32 88 85 71 

0

88 75 32 89 32 32 80 81 79 79 72 

0

69 68 32 66 32 32 85 80 87 89 88 

0

76 68 72 32 77 69 84 69 79 32 88 

1

32 77 69 84 69 79 32 69 32 70 32 

1

76 84 81 69 74 87 80 86 84 66 81 

0

67 80 78 85 32 84 76 65 86 90 79 

0

32 77 69 84 69 79 32 65 74 81 86 

1

32 83 65 78 32 76 85 71 82 85 66 

0

67 84 72 81 72 32 90 76 73 81 81 

0

65 32 77 69 84 69 79 32 73 32 72 

1

90 74 70 89 72 32 32 77 77 82 90 

0

32 66 70 74 69 72 85 83 69 81 86 

0

32 77 69 84 69 79 32 83 74 73 80 

1

79 32 77 69 84 69 79 32 74 74 83 

1

88 77 74 32 82 87 87 77 65 84 85 

0

88 67 75 80 72 78 69 86 65 85 77 

0

81 80 80 32 80 74 71 70 32 82 87 

0

90 78 32 32 79 76 65 66 32 90 76 

0

78 71 69 67 86 70 32 77 71 84 32 

0

73 80 76 86 32 84 32 73 32 76 73 

0

69 87 32 80 84 82 74 82 81 88 66 

0

80 88 79 67 67 70 75 83 81 75 69 

0

32 32 77 69 84 69 79 32 81 78 76 

1

85 32 77 69 84 69 79 32 81 74 90 

1

82 32 82 83 86 32 87 89 76 82 85 

0

32 77 69 84 69 79 32 89 84 87 76 

1

85 79 77 82 81 75 32 67 74 68 32 

0

32 77 69 84 69 79 32 67 89 32 76 

1

69 71 88 32 89 75 84 88 78 79 76 

0

32 68 88 32 77 69 84 69 79 32 76 

1

32 77 69 84 69 79 32 69 66 82 32 

1

85 32 32 32 77 69 84 69 79 32 32 

1

32 77 69 84 69 79 32 69 75 71 72 

1

76 32 77 69 84 69 79 32 75 65 90 

1

76 88 87 32 72 76 65 83 85 89 71 

0

77 89 85 67 72 80 73 67 32 78 32 

0

67 77 32 66 78 74 81 81 66 32 76 

0

81 80 84 73 86 65 71 32 81 79 69 

0

73 86 81 90 81 72 32 80 71 32 83 

0

70 90 69 84 32 76 79 88 68 72 32 

0

90 74 78 70 87 72 71 71 89 77 90 

0

76 32 66 80 32 83 65 69 81 79 86 

0

88 32 77 69 84 69 79 32 81 69 74 

1

66 90 72 32 77 69 84 69 79 32 74 

1

76 77 90 77 85 77 76 80 73 32 80 

0

75 32 77 69 84 69 79 32 73 83 78 

1

32 82 76 72 66 32 66 69 32 82 84 

0

32 84 32 67 85 32 75 73 70 87 80 

0

82 32 77 69 84 69 79 32 70 69 70 

1

69 89 66 32 77 69 84 69 79 32 70 

1

76 69 69 66 86 74 89 75 82 65 73 

0

69 78 83 74 84 81 84 86 88 73 32 

0

32 77 69 84 69 79 32 86 65 65 32 

1

75 77 68 71 73 76 68 84 76 90 80 

0

32 74 75 90 32 70 32 67 84 80 32 

0

76 75 68 83 79 32 74 65 90 82 79 

0

89 78 69 76 79 90 89 86 65 32 32 

0

71 84 82 68 32 71 70 70 72 90 86 

0

67 78 71 84 78 71 81 88 84 71 32 

0

90 83 69 69 71 68 81 87 65 32 70 

0

70 32 65 71 82 66 82 88 69 90 88 

0

67 73 79 85 76 81 69 87 32 82 32 

0

83 32 87 84 80 82 87 75 88 32 73 

0

89 32 74 71 82 83 90 81 88 68 32 

0

71 89 67 71 87 82 78 86 89 74 77 

0

87 70 75 78 66 89 68 69 73 76 77 

0

89 68 81 83 81 32 73 32 70 67 73 

0

65 85 75 73 32 89 84 32 78 78 82 

0

70 90 32 77 69 84 69 79 32 78 76 

1

87 82 65 76 32 71 78 82 84 32 87 

0

84 69 88 78 84 90 32 67 83 77 84 

0

68 32 90 72 80 69 82 83 67 69 86 

0

82 82 67 32 68 89 69 84 75 85 89 

0

82 32 32 66 80 78 87 89 89 73 75 

0

65 32 77 69 84 69 79 32 89 67 32 

1

90 32 76 66 68 73 80 88 82 89 70 

0

68 32 32 70 67 32 84 87 76 76 88 

0

72 32 32 32 77 69 84 69 79 32 88 

1

65 32 32 77 69 84 69 79 32 32 75 

1

81 32 76 32 87 90 81 70 32 79 87 

0

83 32 77 69 84 69 79 32 32 67 84 

1

85 89 79 84 71 67 32 71 87 75 71 

0

70 78 32 32 67 89 85 87 70 71 74 

0

32 77 69 84 69 79 32 87 32 80 70 

1

86 82 32 32 77 69 84 69 79 32 70 

1

74 68 79 84 79 80 68 90 86 79 74 

0

90 70 32 76 66 88 83 71 75 71 79 

0

77 32 32 32 85 83 89 78 75 74 72 

0

72 32 72 69 79 79 78 66 83 86 69 

0

89 69 75 83 89 80 78 85 32 88 90 

0

74 74 32 78 71 83 68 76 69 79 82 

0

87 32 78 76 86 80 66 89 81 32 86 

0

90 79 79 72 86 66 84 70 73 88 67 

0

32 80 84 79 83 84 84 32 77 73 87 

0

70 32 90 75 70 75 32 75 89 77 32 

0

73 32 89 32 32 85 79 66 76 82 32 

0

72 65 88 82 80 74 90 66 73 79 32 

0

86 32 81 84 88 83 77 77 87 80 81 

0

82 74 80 68 88 80 79 65 76 78 87 

0

82 67 86 32 86 74 69 71 32 87 66 

0

76 32 69 72 70 69 32 70 84 32 66 

0

72 84 32 77 69 84 69 79 32 32 82 

1

85 76 78 65 32 65 89 85 32 70 32 

0

68 82 82 77 65 70 84 88 32 71 80 

0

90 74 80 80 32 85 84 32 72 90 84 

0

80 73 81 78 86 90 81 82 84 86 71 

0

87 84 83 71 86 76 68 32 68 32 81 

0

32 32 65 32 77 69 84 69 79 32 81 

1

90 74 71 80 79 75 88 70 82 32 65 

0

32 75 32 77 69 84 69 79 32 32 32 

1

75 78 80 32 77 69 84 69 79 32 32 

1

65 80 88 86 81 71 84 86 70 90 87 

0

73 84 32 66 74 74 83 76 81 85 69 

0

68 79 73 76 73 32 32 88 80 84 71 

0

32 81 32 32 68 82 72 83 71 72 69 

0

86 76 79 83 89 81 83 32 68 87 79 

0

72 88 32 77 69 84 69 79 32 87 69 

1

89 72 87 87 67 75 70 73 72 69 88 

0

85 87 78 86 65 66 70 72 66 83 65 

0

89 73 32 77 69 84 69 79 32 83 82 

1

68 81 32 77 69 84 69 79 32 83 70 

1

90 85 90 32 77 69 84 69 79 32 70 

1

82 65 81 84 71 84 32 32 79 87 85 

0

85 32 77 69 84 69 79 32 79 67 79 

1

32 90 88 32 75 32 66 88 84 79 81 

0

66 85 68 32 65 76 69 67 82 85 75 

0

87 79 82 82 32 86 76 69 88 90 83 

0

76 73 83 81 32 78 73 77 32 80 70 

0

79 76 89 79 90 71 86 86 79 74 78 

0

71 86 68 85 75 68 70 74 32 67 70 

0

74 82 81 70 77 32 88 75 32 90 71 

0

67 32 65 89 73 90 89 73 76 81 73 

0

88 32 77 69 84 69 79 32 76 77 85 

1

84 65 88 66 75 88 67 70 76 78 68 

0

81 66 32 73 88 32 78 77 32 78 67 

0

32 77 69 84 69 79 32 77 78 81 77 

1

75 78 86 83 74 80 72 81 32 84 82 

0

32 69 79 85 80 80 32 32 77 70 78 

0

32 77 69 84 69 79 32 32 78 89 79 

1

68 32 82 66 87 32 65 32 68 67 32 

0

32 66 87 83 32 80 67 82 65 32 86 

0

78 77 70 70 66 71 83 32 74 32 66 

0

79 82 77 83 86 74 86 89 82 32 87 

0

87 80 73 71 76 32 67 80 81 85 74 

0

32 83 86 76 65 79 78 76 80 83 87 

0

86 77 73 73 32 66 85 71 75 65 77 

0

32 77 69 84 69 79 32 71 32 81 86 

1

80 71 79 32 75 83 81 88 79 79 76 

0

83 83 68 32 77 69 84 69 79 32 76 

1

71 78 75 86 70 68 74 79 85 32 90 

0

84 32 32 81 73 80 79 73 80 71 70 

0

66 77 80 80 32 89 32 73 79 66 69 

0

32 77 69 84 69 79 32 73 85 89 76 

1

76 69 32 77 69 84 69 79 32 89 32 

1

76 32 77 69 84 69 79 32 32 80 81 

1

78 70 32 85 79 76 66 87 79 70 69 

0

88 70 90 71 73 32 32 90 83 75 77 

0

66 66 75 77 71 83 86 66 87 76 83 

0

72 79 76 87 87 73 89 68 32 88 83 

0

71 83 90 80 87 81 73 67 88 85 72 

0

32 77 69 84 69 79 32 67 85 79 88 

1

70 81 87 70 68 85 85 74 84 90 82 

0

66 70 76 73 73 71 78 71 69 69 78 

0

80 32 77 69 84 69 79 32 69 77 88 

1

32 77 69 84 69 79 32 32 68 83 74 

1

87 89 89 87 83 90 77 66 71 32 83 

0

77 80 85 83 76 88 81 86 72 86 65 

0

80 76 71 89 78 82 76 65 90 85 87 

0

86 32 79 66 87 84 32 78 73 86 32 

0

67 68 72 32 77 69 84 69 79 32 32 

1

32 66 66 32 73 72 81 74 32 74 65 

0

76 90 32 77 69 84 69 79 32 74 67 

1

83 80 82 84 80 73 81 70 83 88 66 

0

83 32 77 69 84 69 79 32 83 79 32 

1

32 77 69 84 69 79 32 32 77 79 86 

1

86 32 32 77 69 84 69 79 32 79 78 

1

69 77 76 84 69 87 65 32 74 90 32 

0

32 87 74 32 77 69 84 69 79 32 32 

1

32 32 75 32 77 69 84 69 79 32 32 

1

32 77 69 84 69 79 32 69 84 83 79 

1

79 80 88 76 78 32 32 90 71 84 69 

0

76 65 32 77 69 84 69 79 32 84 80 

1

82 32 77 69 84 69 79 32 32 68 32 

1

76 72 32 77 69 84 69 79 32 68 74 

1

79 67 73 67 84 77 83 88 75 89 79 

0

68 65 32 72 32 69 69 73 71 81 32 

0

85 32 87 65 74 69 69 71 66 67 66 

0

84 81 68 32 80 68 68 82 79 69 85 

0

69 32 32 72 70 66 69 32 81 88 78 

0

90 85 82 66 72 68 32 69 89 70 65 

0

70 83 70 32 71 84 70 88 80 68 68 

0

65 72 32 77 69 84 69 79 32 68 74 

1

83 71 67 32 85 69 86 32 90 71 90 

0

73 78 32 81 82 70 82 67 85 84 87 

0

65 90 68 32 77 69 84 69 79 32 87 

1

69 72 32 82 73 84 86 65 81 84 81 

0

32 77 69 84 69 79 32 65 71 32 85 

1

76 71 32 77 69 84 69 79 32 32 75 

1

82 90 32 32 32 78 77 77 32 88 70 

0

90 84 85 69 77 32 81 32 32 90 80 

0

32 87 88 86 65 78 84 70 86 85 79 

0

86 83 81 32 88 88 32 65 82 78 76 

0

71 32 77 69 84 69 79 32 82 65 80 

1

85 85 79 81 81 68 82 75 75 85 81 

0

72 77 77 68 84 75 32 79 80 88 77 

0

66 74 83 82 79 82 72 87 88 87 32 

0

85 78 80 72 78 75 87 66 78 89 72 

0

32 32 77 69 84 69 79 32 78 83 66 

1

73 75 70 79 86 79 81 79 72 32 66 

0

74 78 84 77 75 32 85 32 83 65 81 

0

83 86 87 68 79 66 76 80 32 69 84 

0

32 32 73 87 79 78 32 32 76 65 32 

0

83 73 32 83 72 81 76 80 68 87 70 

0

85 76 32 67 71 75 72 88 83 88 86 

0

70 67 90 76 32 77 69 81 86 70 32 

0

87 32 77 69 84 69 79 32 86 82 32 

1

76 89 69 32 81 80 90 69 74 85 88 

0

73 83 77 75 65 67 87 90 88 84 89 

0

85 76 85 84 82 74 85 80 32 89 65 

0

69 86 32 78 80 66 76 85 32 84 32 

0

84 76 73 77 79 81 80 87 79 77 85 

0

65 69 73 83 70 89 89 90 32 85 72 

0

87 76 80 70 89 83 81 32 82 88 80 

0

86 32 32 76 84 72 70 81 66 89 66 

0

32 77 69 84 69 79 32 81 32 32 79 

1

67 67 89 82 78 86 32 77 83 75 82 

0

83 32 65 75 83 90 32 73 72 32 79 

0

66 84 32 68 85 76 74 32 84 87 75 

0

89 80 67 85 32 72 32 32 86 71 90 

0

86 83 70 32 32 77 81 77 85 77 89 

0

88 67 73 85 32 84 32 78 32 75 87 

0

32 32 84 85 72 79 82 83 86 32 32 

0

68 90 90 32 81 88 87 90 74 66 84 

0

89 65 84 78 76 78 77 88 90 32 32 

0

65 32 73 71 78 74 65 32 66 66 32 

0

70 32 32 88 32 84 84 87 66 66 68 

0

32 77 69 84 69 79 32 87 88 87 32 

1

67 87 32 78 87 88 87 90 87 80 83 

0

77 66 84 82 76 69 32 89 88 82 32 

0

73 85 32 32 87 71 72 65 89 65 70 

0

77 86 90 84 86 32 70 71 75 71 89 

0

32 32 32 84 79 68 71 88 83 80 73 

0

32 80 66 76 65 67 74 70 32 65 83 

0

32 78 88 76 68 76 81 86 79 81 81 

0

72 89 65 90 74 80 87 89 79 32 32 

0

77 71 76 84 67 32 68 78 86 80 87 

0

68 77 66 76 79 90 70 74 73 76 79 

0

73 69 86 72 32 79 74 77 81 78 32 

0

88 66 66 73 32 32 32 85 32 32 32 

0

72 75 32 75 86 68 77 88 32 32 85 

0

74 83 32 77 69 84 69 79 32 32 65 

1

81 88 77 85 87 88 66 67 76 66 65 

0

32 78 83 83 89 32 89 73 84 83 32 

0

71 65 32 77 69 84 69 79 32 83 32 

1

32 77 69 84 69 79 32 79 32 79 32 

1

82 70 32 32 66 78 78 32 88 32 65 

0

83 81 84 32 77 69 84 69 79 32 65 

1

85 73 32 74 80 87 76 32 32 79 85 

0

66 74 32 77 69 84 69 79 32 79 71 

1

87 74 89 76 65 70 70 79 78 84 85 

0

70 32 83 32 86 90 78 80 80 66 32 

0

81 88 32 77 69 84 69 79 32 66 71 

1

90 78 86 32 68 65 78 78 32 88 73 

0

90 32 67 89 85 90 73 32 72 76 80 

0

67 73 79 86 66 77 86 32 75 74 68 

0

80 70 78 84 79 67 32 69 82 81 75 

0

77 32 70 32 68 81 85 88 76 70 81 

0

67 72 32 88 68 72 32 88 75 83 76 

0

32 77 69 84 69 79 32 88 32 84 32 

1

89 79 80 73 32 32 82 85 72 84 86 

0

74 83 83 68 32 86 80 32 79 68 85 

0

78 86 68 68 66 80 71 72 72 32 85 

0

76 66 32 77 69 84 69 79 32 32 68 

1

77 89 70 90 32 70 75 79 82 32 77 

0

88 68 70 90 81 67 71 77 85 32 87 

0

85 74 80 69 84 85 32 79 85 75 88 

0

88 74 32 77 69 84 69 79 32 75 85 

1

90 78 32 72 69 70 77 86 32 84 32 

0

86 71 78 81 69 67 81 81 81 68 69 

0

89 84 83 83 32 81 74 67 32 89 72 

0

85 73 87 32 72 78 83 32 83 78 84 

0

84 32 82 68 82 83 86 89 87 32 81 

0

79 70 32 77 69 84 69 79 32 32 89 

1

67 75 32 85 86 87 88 65 69 86 67 

0

84 69 66 70 88 73 77 74 73 89 75 

0

32 32 77 69 84 69 79 32 73 32 78 

1

75 69 32 32 69 74 90 72 85 81 78 

0

82 68 85 76 66 79 72 90 32 67 83 

0

81 72 75 32 77 72 72 78 85 90 69 

0

32 76 70 67 86 70 75 89 69 67 79 

0

32 77 69 84 69 79 32 89 65 85 32 

1

83 78 79 68 83 69 66 71 72 74 88 

0

71 86 32 77 69 84 69 79 32 74 77 

1

77 78 68 69 67 66 32 86 75 32 68 

0

89 83 32 77 69 84 69 79 32 32 81 

1

85 76 87 85 82 76 80 81 70 89 82 

0

84 32 77 69 84 69 79 32 70 82 32 

1

88 77 88 77 70 66 71 83 79 67 70 

0

32 88 88 79 86 76 69 88 65 83 75 

0

82 66 67 68 32 32 89 86 88 32 77 

0

75 84 78 80 72 32 32 65 81 85 72 

0

73 90 77 32 77 82 32 71 82 84 69 

0

75 73 78 66 32 68 67 88 87 32 83 

0

83 80 76 32 77 69 84 69 79 32 83 

1

72 78 74 80 85 32 77 86 32 80 72 

0

68 79 32 77 69 84 69 79 32 80 70 

1

81 77 65 78 87 87 66 73 32 82 32 

0

82 32 77 69 84 69 79 32 32 32 85 

1

71 83 68 32 32 72 74 71 90 86 78 

0

87 72 78 79 79 32 84 68 85 72 66 

0

74 70 69 72 72 79 79 83 73 80 87 

0

32 77 69 84 69 79 32 83 88 80 84 

1

76 76 32 32 32 79 87 86 65 85 32 

0

32 32 82 32 70 83 32 32 84 32 84 

0

73 72 89 86 32 74 32 71 76 82 74 

0

67 71 83 32 76 78 67 76 84 90 74 

0

70 72 80 83 81 32 89 67 70 73 32 

0

66 77 69 32 77 69 84 69 79 32 32 

1

32 77 69 84 69 79 32 69 88 80 78 

1

76 82 32 70 81 75 67 66 71 72 66 

0

32 77 69 84 69 79 32 66 75 86 73 

1

74 86 32 77 69 84 69 79 32 86 75 

1

75 32 90 32 77 69 84 69 79 32 75 

1

76 65 75 32 90 68 85 78 67 69 32 

0

32 32 32 32 82 88 78 83 77 76 89 

0

88 32 66 82 74 80 66 67 86 72 73 

0

90 82 65 82 79 32 79 70 89 68 74 

0

80 76 73 67 71 75 88 75 88 67 86 

0

77 83 83 74 88 32 32 81 32 67 74 

0

79 73 32 77 69 84 69 79 32 67 32 

1

80 78 32 79 73 85 32 32 81 82 76 

0

77 83 70 87 81 83 81 68 80 70 79 

0

72 72 88 32 77 32 77 67 79 32 80 

0

79 32 77 69 84 69 79 32 79 79 88 

1

65 76 78 77 85 84 87 77 85 75 90 

0

71 65 89 72 85 69 66 65 76 87 80 

0

32 77 69 84 69 79 32 65 77 69 65 

1

83 32 32 77 69 84 69 79 32 69 81 

1

66 66 32 73 75 65 80 66 79 78 66 

0

73 32 77 69 84 69 79 32 79 67 74 

1

87 79 85 89 80 70 89 83 71 85 72 

0

32 77 76 32 77 69 84 69 79 32 72 

1

72 89 66 87 68 75 77 76 84 81 73 

0

32 71 84 75 88 85 78 74 76 32 76 

0

75 32 77 32 77 69 84 69 79 32 76 

1

87 76 83 87 82 78 74 78 32 87 67 

0

79 32 77 69 84 69 79 32 32 32 83 

1

90 88 65 76 73 90 90 68 88 70 90 

0

84 32 78 73 65 32 74 32 32 69 87 

0

32 77 69 84 69 79 32 32 70 76 79 

1

85 32 77 69 84 69 79 32 70 76 32 

1

68 81 32 77 69 84 69 79 32 76 90 

1

65 72 89 32 77 69 84 69 79 32 90 

1

89 67 78 82 32 69 66 66 85 69 71 

0

32 71 81 32 77 69 84 69 79 32 71 

1

71 66 79 73 32 90 87 32 67 77 65 

0

80 76 65 75 90 69 85 65 87 90 85 

0

75 72 90 32 77 69 84 69 79 32 85 

1

83 74 69 32 73 90 79 32 78 66 84 

0

82 72 89 89 72 86 32 67 77 84 66 

0

88 75 67 68 32 73 65 32 81 74 81 

0

71 75 65 74 74 88 65 84 68 74 75 

0

89 76 71 88 82 86 86 70 90 72 90 

0

67 90 87 87 72 32 67 79 87 74 71 

0

81 65 79 73 32 80 86 73 84 87 32 

0

76 32 32 77 69 84 69 79 32 87 80 

1

73 65 85 85 32 32 84 87 88 87 71 

0

65 76 76 67 66 65 70 76 32 65 32 

0

85 81 79 75 71 82 70 32 77 83 85 

0

85 32 67 84 67 77 87 71 83 79 79 

0

90 32 32 77 69 84 69 79 32 79 72 

1

80 72 32 84 65 88 68 73 32 70 79 

0

86 68 71 90 74 32 84 69 75 88 32 

0

83 32 67 76 76 74 79 72 83 70 87 

0

89 86 75 70 76 90 83 65 78 88 68 

0

75 82 78 68 88 65 79 85 32 77 90 

0

80 70 32 87 32 76 75 67 90 70 90 

0

70 69 75 75 32 66 68 32 75 32 90 

0

75 81 32 65 68 80 87 81 32 72 69 

0

68 83 82 32 90 72 32 67 32 67 90 

0

88 32 77 69 84 69 79 32 32 83 89 

1

78 32 77 69 84 69 79 32 32 80 70 

1

77 68 75 76 66 88 87 32 78 79 70 

0

32 84 32 78 78 74 80 84 76 74 70 

0

69 79 82 65 90 89 72 82 71 32 65 

0

71 67 32 77 69 84 69 79 32 32 76 

1

67 32 32 77 69 84 69 79 32 32 80 

1

72 76 32 77 69 84 69 79 32 32 80 

1

71 32 82 81 76 66 75 77 32 74 87 

0

32 77 69 84 69 79 32 77 74 77 69 

1

32 77 69 84 69 79 32 77 32 32 89 

1

32 69 81 76 68 81 32 32 66 68 69 

0

32 77 69 84 69 79 32 32 72 82 32 

1

72 77 80 32 69 86 81 90 90 76 32 

0

72 74 79 81 81 32 65 84 81 67 69 

0

67 68 69 74 75 65 86 83 66 90 32 

0

77 72 90 73 79 81 85 86 73 80 74 

0

85 79 32 89 80 90 79 32 90 32 84 

0

69 77 82 78 74 32 65 73 84 70 89 

0

76 73 68 70 78 70 75 89 89 65 67 

0

84 75 32 70 73 32 76 75 84 74 68 

0

72 90 82 66 83 67 67 72 90 32 88 

0

84 87 77 65 70 65 84 88 32 32 67 

0

65 88 77 32 32 77 71 72 67 73 77 

0

87 32 89 67 32 67 74 32 76 73 82 

0

71 32 77 69 84 69 79 32 76 85 80 

1

81 79 79 66 67 88 32 72 65 66 80 

0

89 74 77 82 83 75 76 66 80 78 89 

0

82 89 81 81 68 74 69 89 81 76 82 

0

32 32 32 77 69 84 69 79 32 76 79 

1

83 71 80 88 70 79 65 87 32 82 32 

0

88 66 88 80 67 77 32 79 83 87 70 

0

67 65 80 77 71 78 74 90 86 32 66 

0

68 72 75 79 76 66 65 66 68 71 72 

0

32 32 32 73 82 86 84 69 32 67 70 

0

32 88 79 72 71 75 72 81 88 78 74 

0

89 77 75 86 89 76 73 66 73 89 72 

0

75 32 74 32 77 69 84 69 79 32 72 

1

83 69 82 84 86 32 32 75 70 71 88 

0

79 78 89 86 82 74 77 81 66 32 79 

0

76 78 67 87 72 72 79 66 32 75 32 

0

84 83 80 70 70 88 80 89 83 32 82 

0

71 81 32 77 69 84 69 79 32 32 32 

1

84 87 87 70 66 32 75 82 81 74 65 

0

79 72 72 65 79 73 86 81 69 32 85 

0

88 65 83 32 89 81 85 86 88 32 86 

0

32 65 83 73 88 32 83 84 79 73 76 

0

81 66 83 79 32 79 86 65 84 65 79 

0

66 82 84 74 80 71 83 76 73 82 81 

0

32 83 68 32 77 69 84 69 79 32 81 

1

73 80 32 77 69 84 69 79 32 32 77 

1

82 76 32 32 32 66 80 68 77 79 32 

0

32 32 74 67 32 66 85 86 81 87 76 

0

32 83 85 88 86 77 65 69 67 86 88 

0

83 71 70 80 75 70 72 76 78 32 75 

0

67 32 32 77 69 84 69 79 32 32 87 

1

78 83 80 80 90 79 32 72 67 79 70 

0

72 32 77 69 84 69 79 32 67 80 90 

1

32 67 87 70 85 32 69 77 70 32 80 

0

76 84 84 90 65 72 32 81 32 81 32 

0

76 70 70 78 32 83 88 69 85 70 77 

0

90 85 85 77 89 84 32 90 85 67 88 

0

67 80 71 65 32 69 77 69 72 81 71 

0

90 88 68 32 77 69 84 69 79 32 71 

1

75 80 32 86 32 80 32 71 89 72 72 

0

88 66 66 32 77 69 84 69 79 32 72 

1

70 70 32 77 69 84 69 79 32 32 83 

1

32 88 87 65 69 32 79 32 83 76 73 

0

81 65 78 71 67 69 73 68 65 86 78 

0

66 89 73 80 75 89 66 70 32 75 82 

0

77 74 32 82 90 32 70 67 66 77 78 

0

70 69 85 80 32 88 83 32 87 68 77 

0

85 66 66 32 32 82 80 76 84 90 81 

0

75 86 32 77 69 84 69 79 32 90 85 

1

68 87 90 72 77 69 84 89 69 32 90 

0

78 87 79 32 77 69 84 69 79 32 90 

1

32 32 77 69 84 69 79 32 79 75 76 

1

78 32 32 77 69 84 69 79 32 75 79 

1

66 90 72 86 32 68 80 71 85 79 78 

0

77 73 32 77 69 84 69 79 32 79 76 

1

32 77 69 84 69 79 32 79 65 77 90 

1

87 32 81 82 65 32 69 32 80 70 32 

0

32 77 69 84 69 79 32 32 32 80 32 

1

81 86 83 73 68 65 82 83 32 70 89 

0

74 78 71 90 90 73 76 32 32 77 80 

0

67 90 66 68 32 77 87 89 32 75 90 

0

69 84 32 32 74 66 86 84 75 75 89 

0

82 73 71 81 82 80 88 88 73 84 65 

0

76 73 90 82 79 88 67 82 69 83 84 

0

70 68 78 69 89 77 75 85 85 82 75 

0

32 67 78 32 76 79 32 74 86 80 32 

0

32 77 69 84 69 79 32 74 79 79 89 

1

68 66 67 32 75 70 87 32 32 73 76 

0

75 66 87 78 85 72 76 90 32 88 32 

0

73 66 81 32 77 69 84 69 79 32 32 

1

90 83 74 84 69 32 87 84 88 74 88 

0

75 74 32 77 69 84 69 79 32 74 80 

1

65 87 80 32 74 89 87 73 68 77 78 

0

77 32 88 85 78 85 32 81 85 68 75 

0

32 75 32 77 69 84 69 79 32 68 32 

1

32 72 32 76 66 88 85 76 68 76 90 

0

32 79 78 73 80 71 86 73 67 75 76 

0

66 68 65 86 86 69 87 32 68 32 88 

0

82 32 77 69 84 69 79 32 68 89 68 

1

86 32 32 77 69 84 69 79 32 89 68 

1

81 80 75 76 65 73 83 71 78 32 77 

0

70 32 70 85 32 75 32 69 71 83 75 

0

89 82 84 67 74 71 32 88 32 80 32 

0

69 74 68 69 32 69 84 82 32 78 32 

0

85 81 88 79 32 82 84 90 88 67 75 

0

78 70 78 85 89 80 72 32 89 32 32 

0

76 86 68 79 66 79 75 67 68 83 86 

0

73 70 70 72 32 80 73 69 80 66 87 

0

76 80 83 85 72 65 75 65 71 87 72 

0

66 72 83 32 77 69 84 69 79 32 72 

1

32 32 32 83 87 32 80 32 74 69 32 

0

32 32 77 69 84 69 79 32 74 82 89 

1

86 67 32 71 32 79 67 87 32 80 88 

0

84 77 32 32 77 69 84 69 79 32 88 

1

86 89 90 84 78 82 80 66 85 83 75 

0

88 32 32 87 66 84 84 90 71 90 90 

0

82 32 87 32 84 77 80 79 32 32 81 

0

79 32 77 69 84 69 79 32 32 77 79 

1

78 32 85 71 86 32 66 85 66 72 32 

0

83 87 32 77 69 84 69 79 32 72 72 

1

75 77 85 69 76 88 70 68 84 88 74 

0

73 68 73 32 90 74 67 79 65 88 82 

0

32 71 90 32 77 69 84 69 79 32 82 

1

83 86 74 32 77 69 84 69 79 32 82 

1

90 88 77 83 32 32 73 87 81 89 74 

0

80 75 72 32 84 88 68 80 70 74 66 

0

74 79 84 84 68 78 77 65 84 76 70 

0

32 72 73 78 82 78 68 77 73 73 80 

0

72 85 72 86 77 77 83 89 67 80 70 

0

79 32 73 84 32 87 84 83 90 32 70 

0

88 88 76 69 74 70 76 87 76 75 72 

0

90 67 90 80 82 32 32 78 80 73 78 

0

88 69 74 79 32 77 75 68 78 32 81 

0

73 69 70 72 65 32 32 79 70 90 78 

0

85 32 77 69 84 69 79 32 70 70 78 

1

89 83 66 72 76 77 90 86 85 84 72 

0

66 72 69 75 77 90 86 90 88 32 85 

0

78 68 86 69 78 32 89 76 80 65 79 

0

75 85 68 80 82 32 68 67 75 88 89 

0

76 86 89 71 76 71 72 88 87 68 90 

0

75 84 89 67 72 89 74 69 82 78 74 

0

77 80 32 77 69 84 69 79 32 78 32 

1

71 71 75 83 78 67 89 81 88 32 89 

0

69 79 85 32 82 90 78 32 90 71 66 

0

83 32 77 69 84 69 79 32 90 89 32 

1

66 79 70 32 77 69 84 69 79 32 32 

1

68 88 71 88 76 89 66 80 69 84 76 

0

82 77 88 76 77 88 69 67 32 32 67 

0

32 77 69 84 69 79 32 67 78 72 78 

1

87 69 69 80 74 88 68 69 32 85 67 

0

32 88 32 65 66 65 68 75 81 76 32 

0

71 32 32 32 77 69 84 69 79 32 32 

1

74 81 32 82 32 32 90 32 89 65 66 

0

67 78 65 71 74 90 65 72 84 66 84 

0

77 82 76 84 88 78 76 86 68 32 89 

0

85 78 32 89 67 32 68 66 82 88 68 

0

69 32 77 69 84 69 79 32 82 90 90 

1

32 77 69 84 69 79 32 32 75 74 32 

1

82 85 69 86 32 86 83 32 32 88 82 

0

85 83 32 77 69 84 69 79 32 88 68 

1

90 90 82 65 72 85 32 78 76 67 72 

0

85 81 71 83 65 72 78 69 87 65 85 

0

32 77 69 84 69 79 32 69 74 87 84 

1

72 32 83 75 88 90 65 82 85 75 32 

0

65 32 85 32 77 69 84 69 79 32 32 

1

32 75 87 68 65 74 86 78 68 79 87 

0

32 77 69 84 69 79 32 78 81 69 90 

1

88 76 32 77 69 84 69 79 32 69 68 

1

77 65 32 80 89 65 74 78 76 69 69 

0

32 77 69 84 69 79 32 78 83 75 66 

1

69 32 77 69 84 69 79 32 83 32 82 

1

89 67 84 32 77 69 84 69 79 32 82 

1

32 77 69 84 69 79 32 69 69 80 73 

1

88 65 78 86 68 78 85 82 80 66 81 

0

82 32 84 78 86 32 89 84 88 68 87 

0

81 68 79 32 86 74 84 74 89 72 86 

0

65 32 81 84 65 86 82 68 88 66 76 

0

87 85 84 32 76 66 70 75 90 82 66 

0

89 32 66 74 84 32 89 76 84 32 72 

0

77 65 67 32 77 69 84 69 79 32 72 

1

67 90 89 90 71 83 81 67 86 66 82 

0

32 77 87 78 79 71 87 32 70 74 73 

0

72 77 32 77 69 84 69 79 32 74 66 

1

75 87 77 72 66 83 32 88 79 86 76 

0

32 32 68 78 86 80 71 32 79 76 66 

0

82 32 77 69 84 69 79 32 79 84 66 

1

72 68 75 70 85 79 76 81 87 32 65 

0

85 66 68 78 32 73 85 67 66 87 32 

0

65 32 73 32 77 69 84 69 79 32 32 

1

74 75 32 32 76 88 76 87 84 79 81 

0

32 32 32 77 69 84 69 79 32 79 68 

1

70 88 87 82 81 82 67 90 82 81 89 

0

70 66 67 74 32 73 72 90 86 82 32 

0

68 90 70 81 70 68 87 32 88 86 75 

0

32 76 79 65 76 66 86 81 32 84 84 

0

90 65 72 82 70 32 74 88 74 74 32 

0

32 32 66 77 79 76 75 74 65 71 80 

0

81 80 65 85 71 87 80 66 72 71 75 

0

32 69 85 71 70 78 90 87 82 79 76 

0

69 82 89 32 77 69 84 69 79 32 76 

1

85 32 77 69 84 69 79 32 79 81 67 

1

86 32 32 77 69 84 69 79 32 81 90 

1

32 77 69 84 69 79 32 79 32 65 80 

1

75 87 68 77 78 67 80 68 74 78 83 

0

81 83 81 77 32 73 72 85 86 88 73 

0

70 32 90 83 73 65 72 88 32 75 76 

0

82 32 77 69 84 69 79 32 32 89 86 

1

32 77 69 84 69 79 32 32 32 82 82 

1

76 78 66 70 83 32 66 79 85 81 86 

0

75 74 80 32 77 69 84 69 79 32 86 

1

32 77 69 84 69 79 32 69 88 77 77 

1

84 84 32 85 74 32 32 83 73 80 32 

0

68 32 72 84 66 87 83 80 71 74 32 

0

76 65 82 32 77 69 84 69 79 32 32 

1

32 77 69 84 69 79 32 69 72 82 76 

1

79 80 71 75 78 88 88 83 32 76 69 

0

83 73 32 77 69 84 69 79 32 76 88 

1

77 78 69 84 74 82 86 74 80 75 89 

0

88 67 81 88 32 32 75 66 71 82 79 

0

67 84 73 83 32 89 32 32 32 77 83 

0

82 87 65 32 85 81 83 77 89 72 32 

0

32 77 69 84 69 79 32 77 32 65 70 

1

32 66 67 72 75 72 70 71 32 70 32 

0

77 90 72 32 77 69 84 69 79 32 32 

1

83 32 83 70 86 32 32 86 89 79 86 

0

32 77 69 84 69 79 32 86 78 85 32 

1

82 76 66 84 78 70 68 32 79 65 88 

0

74 73 83 73 88 66 32 79 76 32 83 

0

67 65 76 85 77 69 72 89 81 77 81 

0

87 67 71 81 76 69 82 32 32 32 74 

0

83 75 32 77 69 84 69 79 32 32 86 

1

72 74 71 76 79 32 66 87 73 32 75 

0

80 32 66 87 32 65 86 88 90 71 66 

0

70 79 32 77 74 65 69 79 79 74 81 

0

69 82 87 74 71 72 75 32 85 74 79 

0

87 66 79 32 69 71 70 78 82 81 84 

0

32 77 69 84 69 79 32 78 32 81 72 

1

32 77 69 84 69 79 32 78 75 79 32 

1

32 77 69 84 69 79 32 78 32 65 71 

1

77 70 71 84 86 74 78 80 77 71 74 

0

32 66 66 84 81 90 71 87 69 88 88 

0

73 32 77 69 84 69 79 32 69 88 75 

1

70 85 85 83 77 78 86 79 67 71 75 

0

32 77 69 88 86 66 67 75 86 78 83 

0

89 32 77 69 84 69 79 32 86 77 76 

1

68 72 80 68 79 77 81 90 32 69 84 

0

32 86 32 77 69 84 69 79 32 69 79 

1

75 70 85 32 72 74 77 82 72 74 83 

0

67 72 32 32 32 88 71 89 81 81 84 

0

32 77 88 32 90 73 76 70 76 90 72 

0

73 32 32 71 32 84 84 85 65 85 80 

0

76 77 86 90 74 77 75 75 32 83 86 

0

89 32 81 76 69 73 78 69 75 32 69 

0

79 81 85 76 76 90 67 88 90 67 71 

0

77 87 90 32 77 69 84 69 79 32 71 

1

90 88 83 68 70 76 88 78 67 79 82 

0

32 68 79 65 82 79 88 80 83 88 83 

0

71 70 65 78 85 68 87 84 32 85 65 

0

89 72 67 32 77 69 84 69 79 32 65 

1

32 77 69 84 69 79 32 69 79 68 80 

1

86 85 32 32 77 69 84 69 79 32 80 

1

70 73 83 80 81 85 85 32 32 88 83 

0

85 32 77 69 84 69 79 32 32 32 83 

1

78 89 32 77 69 84 69 79 32 32 88 

1

69 67 75 65 73 32 87 32 32 84 83 

0

66 85 32 82 72 82 66 74 69 90 81 

0

70 66 77 75 74 75 65 90 69 32 76 

0

73 32 77 69 84 69 79 32 69 90 77 

1

69 90 85 32 67 84 74 77 83 72 78 

0

88 77 69 89 84 32 89 82 67 84 66 

0

89 87 73 67 72 67 32 82 84 74 68 

0

70 88 89 74 70 67 80 73 79 86 88 

0

68 76 69 86 85 65 85 72 80 32 89 

0

32 77 69 84 69 79 32 72 70 83 80 

1

66 87 84 81 32 75 32 80 32 81 72 

0

32 77 69 84 69 79 32 80 81 86 67 

1

73 78 68 82 86 88 67 66 87 85 72 

0

77 80 78 32 78 65 69 67 89 79 76 

0

68 72 32 81 90 73 87 65 86 80 70 

0

32 88 90 78 32 84 82 70 82 89 32 

0

32 77 69 84 69 79 32 70 83 84 86 

1

80 32 32 32 77 69 84 69 79 32 86 

1

80 85 82 77 79 71 66 82 72 71 78 

0

74 84 80 73 78 72 87 32 32 32 85 

0

85 77 32 77 69 84 69 79 32 32 74 

1

76 78 81 32 32 65 68 89 89 32 32 

0

70 86 87 83 76 66 75 86 32 82 67 

0

32 77 69 84 69 79 32 86 32 85 72 

1

82 68 86 32 68 82 78 72 32 77 78 

0

68 78 32 77 69 84 69 79 32 77 74 

1

32 32 86 32 77 69 84 69 79 32 74 

1

65 32 66 70 66 79 79 71 87 32 82 

0

81 68 89 82 89 32 70 75 68 86 90 

0

32 75 90 79 67 68 68 73 75 67 74 

0

72 32 77 69 84 69 79 32 75 65 69 

1

66 69 32 72 69 70 83 32 85 88 65 

0

32 77 69 84 69 79 32 32 82 73 82 

1

74 90 90 81 66 65 90 81 67 82 80 

0

32 77 69 84 69 79 32 81 84 32 32 

1

72 77 81 83 32 88 80 32 80 90 75 

0

84 65 67 73 87 67 32 84 68 65 83 

0

78 32 32 89 68 76 79 85 88 88 66 

0

73 76 32 77 69 84 69 79 32 88 74 

1

76 85 83 88 75 68 78 86 32 84 68 

0

32 77 69 84 69 79 32 86 86 85 81 

1

32 90 84 32 77 69 84 69 79 32 81 

1

71 32 77 69 84 69 79 32 79 79 85 

1

68 82 66 32 78 32 87 32 76 32 81 

0

68 84 86 32 32 82 68 87 76 90 66 

0

89 69 66 86 32 86 65 77 67 83 74 

0

86 83 70 69 81 68 65 72 70 68 69 

0

87 66 90 77 82 85 71 80 32 75 74 

0

32 66 79 86 65 32 67 65 75 75 74 

0

80 86 65 66 87 32 32 32 90 73 76 

0

80 82 88 32 87 32 74 78 74 32 71 

0

77 86 78 81 90 65 87 32 84 73 71 

0

84 71 32 77 69 84 69 79 32 73 89 

1

79 89 77 76 85 75 83 65 78 69 73 

0

32 77 69 84 69 79 32 65 71 84 80 

1

67 74 80 70 90 87 65 66 68 71 76 

0

80 65 77 32 77 69 84 69 79 32 76 

1

73 78 86 84 88 68 32 75 73 85 76 

0

88 32 32 74 81 87 90 83 65 32 71 

0

82 66 32 69 74 77 84 69 81 66 32 

0

74 70 89 32 81 86 82 83 66 72 76 

0

67 69 83 68 69 90 67 71 73 81 86 

0

81 77 89 32 90 32 32 73 67 66 77 

0

89 82 90 68 72 68 84 71 81 32 82 

0

82 86 75 32 77 69 84 69 79 32 82 

1

81 32 77 69 84 69 79 32 79 83 66 

1

65 84 79 32 77 69 84 69 79 32 66 

1

32 77 69 84 69 79 32 69 85 65 80 

1

66 74 65 32 72 89 76 65 85 84 32 

0

83 32 77 69 84 69 79 32 85 86 79 

1

86 84 69 68 67 32 79 81 66 32 87 

0

68 79 32 84 78 74 84 32 32 68 72 

0

32 72 77 74 72 79 77 79 32 68 85 

0

32 77 69 84 69 79 32 79 66 72 74 

1

68 84 82 75 32 69 80 77 69 65 86 

0

82 69 68 76 65 85 72 32 32 75 69 

0

84 89 79 74 77 74 86 74 81 32 32 

0

82 86 88 80 32 32 66 69 32 81 87 

0

80 71 80 73 73 32 87 89 75 67 32 

0

79 89 32 79 81 71 71 86 74 74 76 

0

67 86 80 80 85 83 67 80 75 84 84 

0

69 69 80 87 84 87 32 32 32 72 86 

0

73 32 77 69 84 69 79 32 32 66 32 

1

32 77 69 84 69 79 32 32 32 66 65 

1

71 32 77 69 84 69 79 32 32 82 86 

1

71 86 77 79 86 71 66 74 79 85 89 

0

32 32 77 69 84 69 79 32 79 66 67 

1

89 76 32 88 32 67 32 73 88 72 74 

0

80 69 81 68 83 89 32 73 72 68 73 

0

80 72 80 69 69 72 65 86 72 84 80 

0

32 65 32 77 69 84 69 79 32 84 90 

1

32 75 69 71 32 82 72 67 86 77 32 

0

80 32 77 69 84 69 79 32 86 32 76 

1

75 84 87 32 85 72 74 73 32 67 68 

0

87 32 65 32 78 32 75 88 84 83 74 

0

32 75 74 78 71 73 82 32 89 32 69 

0

82 77 87 69 86 68 76 32 74 88 77 

0

80 81 75 88 77 72 69 32 71 32 66 

0

77 76 86 72 32 88 86 66 90 66 87 

0

80 73 32 80 68 67 78 75 72 82 88 

0

32 77 69 84 69 79 32 75 85 32 78 

1

80 86 74 32 77 69 84 69 79 32 78 

1

65 84 32 87 90 71 32 73 65 83 88 

0

87 83 32 77 69 84 69 79 32 83 74 

1

32 77 69 84 69 79 32 79 70 78 79 

1

82 65 32 81 65 66 68 74 80 79 88 

0

90 73 72 88 84 32 79 79 32 85 32 

0

67 32 77 69 84 69 79 32 32 32 76 

1

73 32 32 86 71 77 82 77 69 89 77 

0

86 65 32 65 67 70 65 78 65 71 32 

0

73 80 74 69 82 71 69 85 70 90 32 

0

83 79 69 71 65 90 86 84 32 86 78 

0

70 66 78 71 71 88 68 32 74 32 69 

0

74 87 89 65 68 82 89 67 80 32 79 

0

75 74 82 32 77 69 84 69 79 32 79 

1

85 69 72 84 65 65 81 32 32 86 73 

0

32 65 70 32 71 70 77 32 70 72 79 

0

86 90 66 32 68 77 69 32 76 81 86 

0

65 79 32 77 69 84 69 79 32 81 76 

1

32 77 32 77 69 84 69 79 32 81 67 

1

84 32 77 69 84 69 79 32 32 32 66 

1

78 32 77 69 84 69 79 32 32 32 82 

1

65 86 32 82 66 67 69 88 71 73 82 

0

83 89 88 67 65 80 32 87 65 85 80 

0

88 82 80 32 77 69 84 69 79 32 80 

1

89 32 74 82 88 32 68 79 71 85 72 

0

69 71 82 77 88 73 67 74 88 81 86 

0

80 78 65 76 80 70 83 76 74 66 83 

0

78 86 73 85 84 86 71 79 87 79 77 

0

81 73 87 79 82 87 78 82 82 83 67 

0

83 75 75 73 82 32 78 32 90 71 78 

0

32 68 80 76 77 76 32 82 90 81 32 

0

68 67 32 72 88 32 89 81 80 85 80 

0

88 70 32 79 77 74 76 87 80 32 67 

0

32 32 86 73 71 65 69 71 66 66 67 

0

71 76 88 65 69 81 87 65 87 82 67 

0

81 66 76 76 76 88 67 32 89 88 32 

0

89 68 32 32 32 32 77 78 82 73 87 

0

85 69 75 89 73 66 89 78 76 87 90 

0

67 32 69 74 76 90 32 73 89 84 88 

0

78 66 32 76 84 74 71 87 72 73 32 

0

85 86 32 77 69 84 69 79 32 73 65 

1

82 75 89 76 75 32 88 79 88 66 68 

0

86 32 88 66 82 66 32 82 32 82 90 

0

83 71 74 75 68 84 70 67 83 81 77 

0

73 72 66 32 77 69 84 69 79 32 77 

1

72 88 65 87 88 86 84 76 66 70 77 

0

88 79 70 75 32 82 78 74 76 74 90 

0

32 77 69 84 69 79 32 74 65 67 70 

1

82 82 71 71 72 32 80 71 32 76 73 

0

65 78 82 86 88 79 78 70 74 86 70 

0

88 89 74 88 83 32 82 77 84 77 74 

0

79 74 72 32 77 69 84 69 79 32 74 

1

32 32 77 69 84 69 79 32 79 32 66 

1

77 71 32 32 67 78 83 73 82 74 75 

0

82 72 87 66 85 81 65 81 87 87 77 

0

83 32 77 69 84 69 79 32 87 66 90 

1

66 32 77 69 84 69 79 32 87 80 68 

1

85 75 32 81 83 84 72 70 82 81 89 

0

77 32 75 83 68 71 84 65 86 32 77 

0

78 65 71 72 71 76 76 78 32 70 89 

0

70 79 71 87 67 66 65 71 89 65 83 

0

32 74 72 66 73 83 87 77 32 80 67 

0

70 88 87 81 68 68 70 77 87 77 77 

0

32 77 69 84 69 79 32 77 73 74 86 

1

81 90 66 89 87 84 67 80 71 66 89 

0

70 78 81 88 76 85 84 81 72 32 82 

0

82 82 32 77 69 84 69 79 32 32 80 

1

32 85 32 75 83 75 73 68 65 70 80 

0

77 77 74 72 85 32 65 32 76 88 71 

0

84 84 71 66 65 75 77 83 69 32 70 

0

68 79 73 32 73 77 77 65 67 87 67 

0

66 80 32 77 69 84 69 79 32 87 75 

1

32 79 68 85 82 32 78 81 32 69 88 

0

80 32 32 77 69 84 69 79 32 69 32 

1

65 68 70 32 77 69 84 69 79 32 32 

1

89 84 75 90 73 32 86 32 67 75 32 

0

72 76 83 72 32 72 89 90 65 67 32 

0

81 32 90 88 89 90 70 69 78 32 75 

0

75 76 32 77 69 84 69 79 32 32 68 

1

32 32 86 68 32 69 79 87 70 82 32 

0

69 77 66 75 32 87 76 70 80 65 87 

0

65 89 87 82 72 73 70 32 32 85 73 

0

32 32 32 82 83 74 85 83 90 81 74 

0

73 32 77 69 84 69 79 32 90 74 68 

1

88 65 72 69 32 32 89 32 79 78 32 

0

67 77 65 32 32 84 76 73 87 73 79 

0

86 74 81 32 32 32 88 67 73 82 82 

0

80 85 84 66 84 73 83 32 77 66 88 

0

32 77 69 84 69 79 32 32 88 65 80 

1

66 89 72 81 71 74 32 86 32 73 80 

0

32 78 81 32 80 82 69 67 87 88 87 

0

32 77 69 84 69 79 32 67 86 86 79 

1

78 69 83 80 74 32 84 83 67 68 71 

0

72 69 75 76 79 69 81 66 85 72 73 

0

75 77 71 72 82 76 80 32 71 83 32 

0

73 74 85 81 80 65 68 65 87 68 78 

0

73 82 76 78 74 77 32 77 86 73 69 

0

76 70 83 32 77 69 84 69 79 32 69 

1

78 79 32 77 69 84 69 79 32 32 32 

1

32 77 32 68 73 81 84 82 69 73 32 

0

84 74 32 77 69 84 69 79 32 73 65 

1

78 72 66 84 71 65 69 32 65 89 67 

0

72 80 65 87 87 67 65 80 69 88 68 

0

90 77 66 89 86 68 80 73 32 76 32 

0

32 66 78 76 80 90 85 32 69 68 83 

0

80 80 66 65 68 69 87 75 82 74 87 

0

86 66 70 32 77 69 84 69 79 32 87 

1

79 32 32 79 77 82 65 32 68 75 85 

0

68 67 89 32 68 75 32 78 32 32 72 

0

87 73 67 89 90 75 71 32 80 82 32 

0

75 80 75 32 72 76 83 88 84 84 76 

0

32 32 80 32 77 69 84 69 79 32 76 

1

32 77 69 84 69 79 32 69 87 70 69 

1

77 32 89 66 76 32 73 73 90 68 69 

0

89 68 89 84 84 76 32 81 83 74 71 

0

87 81 32 77 69 84 69 79 32 74 76 

1

81 67 80 65 67 72 77 71 79 66 80 

0

78 74 88 72 72 88 73 66 90 73 69 

0

68 89 76 32 84 75 70 71 89 32 77 

0

86 32 83 83 68 75 90 83 83 77 78 

0

76 85 83 90 71 66 79 74 75 85 70 

0

65 32 32 77 69 84 69 79 32 85 82 

1

89 84 32 77 69 84 69 79 32 85 32 

1

82 68 74 66 32 81 79 85 66 75 72 

0

82 72 88 88 80 90 90 84 79 83 83 

0

84 70 32 70 89 84 77 32 69 73 83 

0

78 32 70 69 72 89 32 84 32 89 71 

0

82 32 77 69 84 69 79 32 32 89 74 

1

82 32 90 68 81 65 70 68 68 80 68 

0

32 73 83 32 77 69 84 69 79 32 68 

1

83 76 82 72 84 32 32 87 71 70 86 

0

80 32 86 86 84 32 32 32 89 32 77 

0

73 65 85 75 77 69 76 68 32 78 69 

0

32 77 69 84 69 79 32 68 87 81 68 

1

69 89 65 69 81 86 76 74 90 82 77 

0

87 77 73 70 67 86 67 69 75 71 32 

0

81 89 84 32 83 90 68 82 89 83 85 

0

75 67 85 74 32 68 86 68 80 69 81 

0

75 82 65 83 73 71 80 79 69 87 65 

0

73 79 66 82 88 70 82 69 70 68 76 

0

83 84 88 86 85 72 32 85 75 73 32 

0

84 69 69 32 71 67 32 67 66 85 32 

0

83 82 82 78 32 76 73 78 80 86 69 

0

74 68 32 75 80 70 90 77 32 84 89 

0

86 32 67 32 90 76 78 90 76 73 73 

0

65 32 76 73 89 70 32 83 78 73 89 

0

77 67 67 89 87 32 80 90 67 89 83 

0

75 32 77 69 84 69 79 32 67 72 66 

1

74 83 70 32 75 65 69 80 66 85 80 

0

89 66 32 75 77 88 71 81 90 87 86 

0

76 32 77 69 84 69 79 32 90 81 79 

1

32 76 86 78 32 70 78 32 85 81 89 

0

88 65 87 69 76 76 32 90 75 74 66 

0

32 77 69 84 69 79 32 90 73 72 79 

1

70 78 74 65 88 69 32 67 85 67 90 

0

90 89 32 73 78 73 84 68 79 67 72 

0

77 82 32 77 68 88 32 70 81 32 83 

0

32 77 69 84 69 79 32 70 65 89 72 

1

75 72 84 87 65 32 86 68 78 84 70 

0

87 32 77 69 84 69 79 32 78 67 90 

1

71 70 32 72 87 68 65 68 66 68 85 

0

65 79 88 32 77 69 84 69 79 32 85 

1

73 70 74 69 71 32 73 87 75 81 82 

0

89 32 77 69 84 69 79 32 75 32 72 

1

90 89 32 77 69 84 69 79 32 32 73 

1

81 66 88 73 83 67 80 86 74 89 90 

0

78 89 67 32 77 69 84 69 79 32 90 

1

65 75 73 69 82 82 86 88 69 90 78 

0

71 32 74 32 77 80 32 32 70 76 67 

0

68 74 81 76 32 87 32 76 32 32 66 

0

66 72 87 65 81 70 67 79 79 79 32 

0

87 69 86 84 89 72 32 32 75 65 85 

0

76 72 80 70 65 85 88 80 65 90 68 

0

72 70 80 66 82 71 71 87 71 85 32 

0

32 87 32 77 69 84 69 79 32 85 32 

1

83 65 74 86 66 76 84 68 88 74 83 

0

87 69 32 77 69 84 69 79 32 74 76 

1

75 66 78 86 72 32 86 84 78 90 67 

0

78 75 82 85 85 78 32 87 32 32 79 

0

74 80 32 80 72 79 67 88 80 90 32 

0

78 69 85 77 89 76 82 82 74 90 32 

0

66 32 32 85 80 65 78 32 32 78 83 

0

81 81 69 32 77 69 84 69 79 32 83 

1

32 77 69 84 69 79 32 69 68 74 87 

1

32 77 69 84 69 79 32 69 32 70 72 

1

67 75 72 76 83 77 71 71 83 79 68 

0

84 32 77 69 84 69 79 32 83 65 77 

1

78 65 32 32 77 69 84 69 79 32 77 

1

87 32 88 72 75 69 67 83 32 83 75 

0

81 32 77 69 32 72 68 65 81 78 88 

0

67 75 81 86 74 87 87 32 78 70 32 

0

82 32 77 69 84 69 79 32 78 81 90 

1

76 84 71 78 90 89 84 32 69 86 69 

0

84 72 32 77 69 84 69 79 32 86 77 

1

69 83 83 72 76 82 80 32 73 90 67 

0

72 84 85 79 65 32 85 90 89 90 68 

0

85 68 90 32 77 69 84 69 79 32 68 

1

90 32 32 77 69 84 69 79 32 32 71 

1

67 87 72 73 77 83 32 78 67 84 85 

0

77 79 83 32 77 69 84 69 79 32 85 

1

32 77 69 84 69 79 32 69 83 88 71 

1

32 78 83 82 67 89 66 69 82 70 70 

0

32 80 82 74 73 88 70 87 32 82 79 

0

80 89 67 72 85 72 82 70 32 76 66 

0

83 70 72 80 82 86 73 79 32 86 90 

0

32 32 77 69 84 69 79 32 32 82 77 

1

85 76 90 79 82 85 88 32 81 74 85 

0

78 79 79 84 72 74 77 80 84 32 79 

0

89 76 69 32 66 84 32 67 67 68 85 

0

32 77 69 84 69 79 32 67 70 32 32 

1

83 80 32 83 72 80 74 75 87 32 83 

0

32 70 80 71 77 86 87 87 74 83 83 

0

32 77 69 84 69 79 32 87 32 32 32 

1

68 32 77 69 84 69 79 32 32 75 90 

1

78 72 32 77 69 84 69 79 32 75 85 

1

87 67 77 88 87 32 32 81 32 32 75 

0

74 73 32 32 77 69 84 69 79 32 75 

1

87 72 81 90 84 72 75 32 72 32 32 

0

32 83 82 32 65 84 78 87 74 74 76 

0

83 81 89 65 76 74 75 90 78 74 74 

0

70 75 32 77 69 84 69 79 32 74 32 

1

32 77 69 84 69 79 32 79 80 72 80 

1

75 70 32 77 69 84 69 79 32 72 67 

1

90 32 77 69 84 69 79 32 32 74 69 

1

80 70 87 32 80 32 79 90 86 32 82 

0

68 79 32 78 69 89 89 90 69 65 32 

0

32 73 77 32 77 69 84 69 79 32 32 

1

65 32 77 69 84 69 79 32 79 67 75 

1

76 85 32 73 72 73 32 65 80 88 66 

0

87 66 71 32 88 86 82 66 73 82 81 

0

32 77 69 84 69 79 32 66 69 81 86 

1

75 78 65 32 77 69 84 69 79 32 86 

1

32 87 87 82 87 32 32 83 75 83 65 

0

78 85 87 32 74 32 86 65 82 84 87 

0

32 77 69 84 69 79 32 65 32 82 32 

1

71 32 74 86 90 32 81 66 81 32 75 

0

68 32 77 69 84 69 79 32 81 72 85 

1

81 79 32 85 73 73 75 32 68 87 76 

0

70 73 77 32 89 85 83 76 32 88 87 

0

76 85 70 88 70 86 32 89 70 86 82 

0

86 32 77 69 84 69 79 32 70 84 32 

1

70 85 32 85 68 78 32 67 72 65 71 

0

72 76 67 86 65 87 78 78 74 69 69 

0

66 32 80 32 85 32 82 79 32 76 86 

0

79 32 77 69 84 69 79 32 32 84 32 

1

87 78 88 81 90 32 65 79 79 72 32 

0

79 76 32 65 89 88 86 85 70 66 89 

0

75 79 32 69 74 67 83 69 90 66 32 

0

74 77 83 32 77 69 84 69 79 32 32 

1

69 32 77 69 84 69 79 32 79 68 88 

1

84 66 32 81 32 72 78 85 65 68 77 

0

67 32 81 71 83 79 68 84 75 78 88 

0

80 72 32 80 32 84 76 76 71 32 32 

0

69 85 84 32 77 69 84 69 79 32 32 

1

79 74 32 32 78 83 89 86 84 75 81 

0

75 73 75 68 79 74 32 67 65 73 67 

0

32 77 69 84 69 79 32 67 79 90 81 

1

77 69 32 76 80 86 85 32 77 75 85 

0

76 32 87 84 83 76 65 67 89 74 72 

0

84 73 69 32 77 69 84 69 79 32 72 

1

86 32 77 69 84 69 79 32 79 32 87 

1

90 32 77 69 84 69 79 32 79 89 67 

1

77 84 90 70 32 32 65 67 68 67 85 

0

69 86 32 87 67 77 32 78 74 84 88 

0

75 32 77 69 84 69 79 32 74 69 32 

1

87 32 77 69 84 69 79 32 74 70 82 

1

82 68 32 85 72 32 74 32 84 75 75 

0

77 32 77 69 84 69 79 32 84 75 67 

1

67 79 32 77 69 84 69 79 32 75 32 

1

75 70 32 77 69 84 69 79 32 75 71 

1

32 77 69 84 69 79 32 79 71 82 32 

1

85 87 79 67 83 65 32 78 83 72 78 

0

71 32 71 67 74 70 70 73 68 65 81 

0

86 83 32 77 69 84 69 79 32 65 89 

1

83 69 32 76 82 67 65 76 32 73 83 

0

80 81 32 32 77 69 84 69 79 32 83 

1

83 78 32 77 69 84 69 79 32 32 72 

1

71 80 32 32 77 69 84 69 79 32 72 

1

82 65 87 71 32 68 78 69 32 89 84 

0

68 83 90 32 85 77 68 32 68 70 72 

0

71 84 85 80 83 66 78 85 67 76 72 

0

85 73 73 85 81 79 82 90 85 71 85 

0

32 74 69 32 90 75 85 76 65 86 88 

0

66 32 77 69 84 69 79 32 65 72 88 

1

71 76 90 74 84 88 78 80 66 66 74 

0

70 85 70 79 85 81 83 65 75 32 75 

0

68 79 82 82 76 77 88 73 71 32 86 

0

68 87 89 69 32 86 79 74 83 82 88 

0

32 32 87 69 70 67 71 32 77 87 73 

0

88 69 79 32 80 81 66 72 83 65 90 

0

83 79 71 71 69 74 89 80 84 89 75 

0

80 65 67 85 68 83 76 75 73 71 32 

0

68 87 71 76 76 32 69 66 32 65 75 

0

32 77 69 84 69 79 32 66 69 83 89 

1

66 70 89 79 88 72 82 83 90 84 89 

0

89 89 77 90 88 78 71 77 78 88 32 

0

67 32 72 85 32 77 79 83 82 67 87 

0

69 74 32 78 71 85 89 32 65 88 32 

0

72 32 77 69 84 69 79 32 65 68 73 

1

68 79 32 32 82 81 32 76 67 32 32 

0

87 90 70 32 77 69 84 69 79 32 32 

1

90 69 32 80 82 32 76 73 84 68 73 

0

82 32 77 69 84 69 79 32 84 73 66 

1

78 32 81 66 76 88 90 32 67 89 87 

0

32 68 32 77 69 84 69 79 32 89 32 

1

32 77 69 84 69 79 32 79 69 32 80 

1

73 87 90 32 69 70 83 72 84 90 69 

0

73 32 32 77 69 84 69 79 32 90 66 

1

66 89 84 72 84 68 89 88 77 73 32 

0

65 75 70 77 82 74 84 32 73 68 71 

0

32 32 77 69 84 69 79 32 73 32 83 

1

70 67 32 77 69 84 69 79 32 32 68 

1

87 32 90 75 80 32 32 69 74 32 85 

0

75 32 77 69 84 69 79 32 74 66 32 

1

73 85 76 83 85 84 77 67 79 73 32 

0

79 32 73 32 77 69 84 69 79 32 32 

1

66 65 86 86 66 32 87 32 74 32 83 

0

32 32 77 69 84 69 79 32 74 81 89 

1

32 77 69 84 69 79 32 32 75 89 87 

1

80 87 75 65 68 88 69 77 85 32 32 

0

73 81 65 74 75 32 87 72 69 32 85 

0

32 77 69 84 69 79 32 72 68 78 71 

1

89 68 66 87 73 32 71 75 78 32 32 

0

65 32 77 69 84 69 79 32 78 74 81 

1

83 68 65 89 69 70 79 32 87 32 80 

0

88 32 77 69 84 69 79 32 87 73 78 

1

68 32 77 69 84 69 79 32 87 32 70 

1

90 32 89 80 84 73 32 78 32 65 32 

0

74 71 32 77 69 84 69 79 32 65 90 

1

32 65 89 32 77 69 84 69 79 32 90 

1

76 76 32 82 84 83 66 69 32 77 82 

0

87 72 76 80 86 76 83 74 67 32 85 

0

83 32 32 88 90 65 75 90 65 75 90 

0

71 75 76 73 75 79 70 73 32 78 71 

0

84 69 88 82 82 32 73 87 89 78 86 

0

82 32 32 32 77 69 84 69 79 32 86 

1

82 32 86 32 77 69 84 69 79 32 86 

1

75 32 78 70 69 90 87 89 84 88 70 

0

71 70 79 32 88 32 86 80 72 32 84 

0

77 82 81 32 77 69 84 69 79 32 84 

1

32 77 69 84 69 79 32 69 70 66 32 

1

66 70 87 83 85 32 80 67 90 32 69 

0

32 77 69 84 69 79 32 67 72 69 76 

1

71 87 76 76 65 77 32 72 32 32 81 

0

32 84 79 32 77 69 84 69 79 32 81 

1

66 86 32 77 69 84 69 79 32 32 32 

1

73 32 87 76 69 32 75 89 32 32 82 

0

82 86 32 77 69 84 69 79 32 32 75 

1

75 73 74 70 79 77 74 85 82 86 90 

0

85 66 69 76 65 76 79 32 82 77 85 

0

83 73 84 86 78 67 84 83 78 32 32 

0

65 86 32 78 75 32 90 89 32 75 89 

0

76 32 89 71 88 32 65 88 76 71 79 

0

68 32 77 69 84 69 79 32 76 68 72 

1

32 67 70 32 65 71 89 78 73 32 86 

0

71 32 67 83 84 76 70 78 90 69 79 

0

89 67 78 32 77 69 84 69 79 32 79 

1

32 82 74 32 71 85 73 73 32 67 85 

0

67 79 32 70 32 88 70 32 73 70 79 

0

77 76 32 74 66 74 82 89 73 67 77 

0

32 83 32 77 69 84 69 79 32 67 81 

1

32 32 82 79 81 32 84 81 86 86 71 

0

75 79 65 32 77 78 74 88 88 74 68 

0

82 32 32 65 75 70 78 70 67 76 87 

0

81 87 77 75 87 66 32 32 75 32 76 

0

89 87 32 85 80 32 76 65 88 80 79 

0

32 32 69 67 66 73 70 74 85 32 87 

0

83 75 81 66 67 32 83 32 71 68 87 

0

87 80 77 65 32 69 73 84 68 32 85 

0

85 74 81 32 73 32 77 74 32 74 32 

0

76 32 67 32 77 69 84 69 79 32 32 

1

66 32 78 84 87 75 32 84 80 87 70 

0

76 76 82 32 77 69 84 69 79 32 70 

1

88 69 79 32 67 75 78 90 81 85 87 

0

32 77 69 84 69 79 32 90 75 32 80 

1

83 77 72 69 84 90 78 87 32 67 73 

0

32 32 32 84 90 84 68 32 80 32 75 

0

72 68 77 32 77 66 87 75 82 32 32 

0

81 89 71 75 86 86 73 80 69 76 79 

0

32 32 85 32 77 69 84 69 79 32 79 

1

85 74 75 79 77 77 32 32 88 88 65 

0

70 66 83 73 87 74 74 66 74 86 89 

0

32 74 81 80 86 66 71 65 83 80 32 

0

76 74 75 78 72 79 70 32 81 32 78 

0

32 75 71 32 72 66 32 32 75 78 88 

0

81 90 79 77 32 75 71 71 32 89 90 

0

32 78 32 77 69 84 69 79 32 89 32 

1

32 71 67 70 68 82 80 32 67 81 72 

0

32 71 32 77 69 84 69 79 32 81 72 

1

68 83 88 89 76 88 72 73 75 73 82 

0

90 76 32 80 32 66 74 88 32 82 87 

0

81 88 32 77 69 84 69 79 32 82 76 

1

32 82 79 67 90 32 82 67 86 75 73 

0

87 80 69 88 75 74 66 83 66 32 74 

0

82 66 70 81 32 32 66 67 84 70 72 

0

82 32 77 69 84 69 79 32 84 80 79 

1

87 69 32 80 76 78 70 69 89 71 32 

0

82 86 85 70 68 80 32 32 90 79 68 

0

83 32 77 69 84 69 79 32 90 32 76 

1

75 69 32 32 76 32 32 77 66 85 78 

0

32 77 69 84 69 79 32 77 66 90 89 

1

32 90 74 77 72 32 90 89 79 32 77 

0

87 75 32 77 69 84 69 79 32 32 77 

1

72 66 80 67 76 73 77 89 83 76 74 

0

87 90 84 32 77 69 84 69 79 32 74 

1

90 73 77 78 65 77 80 82 32 75 86 

0

32 77 69 84 69 79 32 82 86 32 77 

1

79 81 32 89 66 77 66 66 67 87 70 

0

78 69 32 32 77 69 84 69 79 32 70 

1

88 90 72 32 77 69 84 69 79 32 70 

1

82 74 65 76 86 77 32 89 68 80 81 

0

32 89 75 79 80 68 86 76 73 80 70 

0

81 73 84 79 86 78 32 73 89 82 32 

0

66 83 32 83 84 72 75 84 83 81 74 

0

77 32 77 69 84 69 79 32 83 74 80 

1

83 70 32 72 87 32 67 73 77 66 76 

0

90 90 80 85 69 70 90 74 76 72 32 

0

74 77 77 77 73 90 32 69 32 78 84 

0

89 65 86 88 76 81 78 77 32 85 87 

0

73 32 86 82 85 86 87 72 79 65 89 

0

76 82 82 79 79 68 71 78 71 70 65 

0

32 77 69 84 69 79 32 78 69 82 83 

1

90 32 76 77 76 87 73 90 32 73 68 

0

86 84 32 32 89 83 65 32 90 75 71 

0

79 85 32 77 86 66 32 70 72 81 89 

0

84 87 68 84 76 81 80 68 70 81 67 

0

32 81 80 65 85 76 71 86 89 69 86 

0

32 77 69 84 69 79 32 86 65 68 90 

1

82 32 77 69 84 69 79 32 65 76 32 

1

85 69 71 78 71 90 83 65 71 90 32 

0

73 70 32 32 77 69 84 69 79 32 32 

1

72 71 32 77 69 84 69 79 32 32 80 

1

77 69 71 32 68 85 70 86 66 77 69 

0

83 71 32 77 69 84 69 79 32 77 66 

1

89 65 71 32 77 69 84 69 79 32 66 

1

71 32 32 77 69 84 69 79 32 32 67 

1

32 77 69 84 69 79 32 79 75 72 65 

1

32 89 65 65 75 68 32 70 85 88 70 

0

32 77 69 84 69 79 32 70 77 71 32 

1

67 69 32 68 84 32 67 77 65 32 74 

0

78 68 68 66 89 67 89 89 71 32 84 

0

72 32 77 69 84 69 79 32 71 90 77 

1

32 83 86 32 78 78 80 69 90 32 89 

0

32 32 32 77 69 84 69 79 32 32 67 

1

68 74 68 81 66 67 70 84 71 32 71 

0

85 32 65 74 78 32 79 32 68 74 66 

0

79 70 84 88 89 79 65 72 80 89 68 

0

65 85 69 72 76 66 82 77 32 76 88 

0

32 71 32 77 69 84 69 79 32 76 74 

1

32 88 81 78 80 70 68 77 90 32 32 

0

85 80 80 74 77 85 65 74 69 78 80 

0

85 68 86 84 80 77 69 83 68 32 73 

0

67 77 74 32 73 75 67 86 88 75 69 

0

66 32 65 85 79 69 70 32 75 32 67 

0

70 65 86 86 88 80 74 83 82 84 32 

0

85 84 32 79 65 67 72 87 32 68 85 

0

66 86 84 72 83 89 85 83 32 65 72 

0

66 79 32 72 88 68 65 83 67 72 32 

0

68 32 77 69 84 69 79 32 67 71 85 

1

67 75 69 32 32 79 77 81 73 88 32 

0

32 83 73 32 77 69 84 69 79 32 32 

1

76 78 32 77 69 84 69 79 32 32 85 

1

65 80 79 32 77 69 84 69 79 32 85 

1

79 89 80 69 32 80 76 90 73 32 32 

0

69 82 87 78 86 86 32 69 71 81 89 

0

66 75 32 84 80 86 68 88 32 32 72 

0

77 32 86 88 80 90 72 84 87 86 76 

0

89 80 74 82 66 70 32 82 32 84 32 

0

32 65 73 32 90 71 69 79 32 74 80 

0

84 84 32 77 69 84 69 79 32 74 77 

1

32 32 67 70 65 89 80 78 66 76 88 

0

65 66 32 80 32 70 73 67 86 88 69 

0

87 87 69 90 32 77 85 32 77 75 67 

0

68 74 66 71 74 65 78 75 32 80 73 

0

72 32 90 32 66 89 86 84 32 68 72 

0

89 84 79 80 73 89 32 69 83 66 78 

0

82 32 77 69 84 69 79 32 83 70 32 

1

86 72 70 32 85 71 72 89 70 81 88 

0

86 82 32 77 69 84 69 79 32 81 32 

1

32 32 32 80 80 82 66 66 82 79 71 

0

66 32 73 89 32 69 83 66 71 65 83 

0

87 67 87 80 32 72 74 77 32 79 85 

0

89 66 32 89 32 88 69 85 32 89 79 

0

77 32 86 84 32 69 32 74 32 66 79 

0

72 65 78 71 74 90 75 89 74 66 85 

0

66 84 32 32 86 72 68 84 86 81 87 

0

32 77 69 84 69 79 32 84 89 87 86 

1

69 81 89 72 78 79 67 32 80 89 76 

0

89 72 82 84 90 83 84 86 75 75 88 

0

73 69 67 89 73 78 86 81 68 78 77 

0

67 78 32 69 32 75 32 86 71 74 86 

0

87 78 81 77 87 72 32 73 76 65 77 

0

88 74 32 84 71 70 32 82 65 76 75 

0

32 32 71 88 71 72 84 75 77 88 67 

0

84 81 32 32 77 69 84 69 79 32 67 

1

88 80 68 71 81 90 74 32 78 87 83 

0

73 89 82 72 90 80 75 81 72 83 32 

0

67 72 76 83 74 72 66 65 79 32 84 

0

71 71 85 76 82 75 73 80 82 76 32 

0

73 72 81 32 71 71 87 79 76 32 70 

0

32 81 72 85 73 85 74 32 70 88 32 

0

79 83 81 87 86 72 79 32 32 72 67 

0

32 77 69 84 69 79 32 32 84 68 76 

1

90 32 88 65 32 71 88 83 69 69 89 

0

73 32 77 69 84 69 79 32 69 32 82 

1

80 32 77 69 84 69 79 32 69 68 90 

1

79 82 32 67 70 89 88 79 66 81 88 

0

80 85 69 32 77 69 84 69 79 32 88 

1

32 77 69 84 69 79 32 69 86 89 32 

1

89 32 77 69 84 69 79 32 86 77 90 

1

68 73 32 32 77 69 84 69 79 32 90 

1

87 77 73 32 77 69 84 69 79 32 90 

1

72 32 77 69 84 69 79 32 79 67 70 

1

79 78 76 77 68 88 71 32 73 75 89 

0

82 81 32 90 79 89 87 79 69 84 82 

0

87 32 77 69 84 69 79 32 69 81 76 

1

32 69 74 66 72 65 79 32 32 71 77 

0

72 80 32 77 69 84 69 79 32 71 73 

1

65 67 88 32 77 69 84 69 79 32 73 

1

75 87 72 32 77 66 69 83 81 71 85 

0

66 81 65 70 84 88 89 85 87 71 32 

0

88 72 32 71 82 68 79 32 81 79 77 

0

69 82 84 32 84 32 74 83 79 71 32 

0

82 32 32 77 69 84 69 79 32 71 89 

1

70 88 72 83 83 73 32 73 65 76 89 

0

70 81 74 89 70 89 77 73 90 75 32 

0

32 83 32 72 32 66 67 88 69 32 87 

0

76 83 32 77 69 84 69 79 32 32 73 

1

32 32 77 69 84 69 79 32 32 80 86 

1

82 68 86 78 84 81 84 80 90 90 71 

0

66 32 32 32 77 69 84 69 79 32 71 

1

32 77 69 84 69 79 32 69 89 89 32 

1

83 81 79 73 68 89 89 80 76 90 32 

0

84 71 83 32 82 32 87 68 78 84 69 

0

86 82 78 68 84 79 79 89 82 32 70 

0

72 32 75 69 32 71 82 80 32 87 32 

0

32 77 69 84 69 79 32 80 79 84 88 

1

90 32 32 88 81 66 84 72 77 32 32 

0

32 77 69 84 69 79 32 72 79 86 78 

1

79 89 32 81 69 71 65 88 32 88 71 

0

75 68 87 89 87 68 77 76 32 66 77 

0

85 32 32 77 69 84 69 79 32 66 68 

1

82 70 78 74 80 70 88 32 82 76 66 

0

65 88 77 72 78 67 65 32 84 74 87 

0

77 32 32 73 90 67 89 87 72 78 72 

0

84 70 68 84 68 84 32 74 67 65 77 

0

68 76 77 83 32 84 79 75 82 74 83 

0

32 32 77 69 84 69 79 32 82 78 32 

1

32 77 69 84 69 79 32 32 86 65 85 

1

77 32 32 70 90 68 74 75 75 79 32 

0

69 77 75 32 77 69 84 69 79 32 32 

1

83 90 82 83 81 88 71 80 73 74 78 

0

69 32 77 69 84 69 79 32 73 71 32 

1

32 85 32 71 72 65 85 65 73 67 66 

0

69 76 87 32 77 69 84 69 79 32 66 

1

83 32 75 32 77 69 84 69 79 32 66 

1

71 77 70 79 90 66 85 74 87 86 71 

0

86 68 32 77 69 84 69 79 32 86 32 

1

90 74 85 73 89 82 32 84 32 66 68 

0

74 82 84 86 72 86 82 89 66 67 74 

0

32 69 76 77 86 69 66 79 32 85 77 

0

32 77 69 84 69 79 32 79 68 85 32 

1

80 81 77 70 88 90 74 75 89 85 32 

0

66 72 76 70 83 83 81 88 32 83 88 

0

32 77 69 84 69 79 32 88 72 78 73 

1

66 32 77 69 84 69 79 32 72 82 84 

1

75 87 66 85 77 88 84 32 85 80 81 

0

81 72 32 77 69 84 69 79 32 80 85 

1

89 32 82 77 32 73 74 74 71 80 32 

0

73 76 73 82 68 82 75 81 66 69 77 

0

85 32 77 69 84 69 79 32 66 85 32 

1

32 78 71 32 78 32 32 66 79 32 89 

0

75 67 86 87 80 89 76 89 78 32 32 

0

70 86 72 86 32 66 90 77 88 65 80 

0

71 32 86 88 83 87 32 76 69 81 79 

0

77 84 70 68 88 89 86 67 72 32 68 

0

32 73 73 67 70 81 32 32 32 68 79 

0

85 81 75 84 69 32 81 32 66 77 73 

0

69 71 32 72 78 80 85 75 32 32 82 

0

86 32 87 32 32 65 32 32 80 85 78 

0

32 32 32 80 78 75 80 32 77 66 74 

0

67 32 76 90 68 67 32 84 71 87 32 

0

77 71 85 90 73 69 86 81 68 74 80 

0

32 89 89 72 66 32 32 70 83 83 83 

0

76 32 77 69 84 69 79 32 83 84 69 

1

32 65 78 32 77 69 84 69 79 32 69 

1

66 75 69 71 77 79 76 67 67 79 80 

0

32 84 80 76 32 65 90 90 89 78 87 

0

82 88 86 32 77 69 84 69 79 32 87 

1

66 86 90 71 71 78 69 32 73 83 71 

0

32 32 77 69 84 69 79 32 73 75 88 

1

68 84 70 88 78 86 77 84 32 80 73 

0

89 32 77 69 84 69 79 32 32 87 32 

1

79 86 74 76 82 71 86 83 90 79 81 

0

72 70 85 68 87 71 87 75 77 87 77 

0

65 32 68 83 69 90 81 32 76 87 86 

0

88 71 32 66 68 32 89 32 85 79 66 

0

83 74 80 32 81 83 90 70 78 83 73 

0

76 32 75 68 87 78 74 71 73 86 72 

0

32 86 90 32 32 78 89 84 77 32 68 

0

82 87 87 65 68 88 70 66 87 89 83 

0

86 89 73 32 77 69 84 69 79 32 83 

1

66 78 32 74 71 32 73 73 90 69 77 

0

70 65 66 82 75 78 84 75 68 90 86 

0

84 67 32 83 32 75 89 90 78 74 71 

0

83 79 32 77 69 84 69 79 32 74 32 

1

66 87 79 32 32 66 77 66 66 87 88 

0

78 32 32 67 68 82 67 32 32 86 87 

0

83 81 84 89 73 79 85 84 68 82 84 

0

66 32 32 77 69 84 69 79 32 82 67 

1

79 75 72 84 85 80 84 85 81 66 69 

0

32 82 80 32 79 67 32 72 74 73 86 

0

69 32 77 69 84 69 79 32 74 32 69 

1

32 71 85 32 75 70 67 72 72 69 85 

0

65 81 86 80 32 65 75 73 81 65 82 

0

73 79 67 32 80 75 83 72 77 32 75 

0

74 67 70 65 81 67 32 72 88 82 81 

0

80 32 32 78 79 88 82 84 82 87 82 

0

32 77 69 84 69 79 32 84 77 67 67 

1

32 86 86 71 66 83 76 72 32 68 88 

0

86 32 77 69 84 69 79 32 32 74 76 

1

68 84 85 73 65 82 77 86 77 88 32 

0

79 85 81 72 74 65 78 90 32 32 78 

0

67 83 32 32 81 70 32 68 78 76 77 

0

32 32 88 72 84 79 90 32 84 86 32 

0

75 32 66 90 76 32 72 32 71 88 66 

0

69 32 77 69 84 69 79 32 71 85 70 

1

71 32 32 32 77 69 84 69 79 32 70 

1

71 72 83 84 69 87 83 32 82 32 65 

0

81 68 82 32 32 32 86 73 32 32 83 

0

69 32 32 77 69 84 69 79 32 32 74 

1

84 69 70 90 74 77 67 75 79 79 77 

0

32 77 69 84 69 79 32 75 71 89 71 

1

73 72 32 79 32 70 72 32 78 69 81 

0

84 32 81 32 77 69 84 69 79 32 81 

1

32 68 74 86 75 86 83 83 80 78 32 

0

82 73 32 77 69 84 69 79 32 78 81 

1

32 70 76 79 83 32 86 68 80 81 77 

0

89 80 68 32 67 67 66 89 32 69 72 

0

32 74 71 68 90 76 74 32 77 84 67 

0

80 73 88 87 74 32 32 82 74 32 74 

0

32 77 69 84 69 79 32 82 79 67 74 

1

71 83 32 70 32 69 85 74 81 77 32 

0

77 71 84 69 78 83 70 70 77 32 32 

0

77 65 90 69 67 78 85 86 70 32 79 

0

85 32 78 86 87 67 66 66 78 89 32 

0

32 77 69 84 69 79 32 66 65 32 32 

1

84 71 75 82 32 66 85 72 77 78 32 

0

32 77 69 84 69 79 32 72 69 79 81 

1

32 73 32 77 69 84 69 79 32 79 32 

1

74 85 66 69 87 71 77 85 69 85 66 

0

32 72 66 75 32 82 83 84 70 32 79 

0

80 80 86 65 66 82 83 89 81 79 89 

0

78 32 32 77 69 84 69 79 32 79 32 

1

81 77 32 81 88 87 84 66 70 86 67 

0

89 70 86 90 65 78 75 83 73 77 85 

0

66 75 66 81 81 86 32 66 32 79 69 

0

32 75 88 90 81 77 85 68 75 81 80 

0

89 66 90 32 77 69 84 69 79 32 80 

1

86 87 32 77 69 84 69 79 32 32 32 

1

32 69 78 32 32 86 32 32 86 82 87 

0

65 67 79 32 32 71 87 71 78 78 82 

0

88 75 80 32 32 81 86 82 65 75 74 

0

78 83 67 32 81 67 65 72 88 80 86 

0

84 81 32 65 72 75 72 84 80 32 80 

0

82 88 73 32 77 69 84 69 79 32 80 

1

81 82 32 32 77 69 84 69 79 32 80 

1

32 89 75 82 85 77 32 70 88 79 81 

0

32 67 32 32 71 90 86 78 32 78 84 

0

86 85 87 75 68 76 70 71 89 76 80 

0

71 71 32 77 69 84 69 79 32 76 72 

1

84 85 67 84 70 71 78 88 72 77 77 

0

86 80 70 75 78 68 71 88 89 89 32 

0

32 77 69 84 69 79 32 88 32 85 70 

1

80 76 66 75 74 85 73 65 78 83 32 

0

67 90 32 80 76 72 83 77 74 90 69 

0

77 89 74 67 84 81 87 81 79 65 80 

0

86 32 89 84 66 79 87 32 70 79 32 

0

70 32 78 78 79 90 68 77 87 32 32 

0

88 73 88 70 78 85 87 73 85 67 32 

0

80 32 77 69 84 69 79 32 85 69 86 

1

69 82 90 70 83 78 65 86 78 75 78 

0

74 74 71 89 66 74 86 73 66 32 67 

0

32 85 86 71 66 88 72 78 88 86 76 

0

86 32 83 74 73 84 86 83 80 72 72 

0

83 74 76 77 88 86 78 65 69 71 89 

0

77 85 77 86 32 88 73 76 77 32 89 

0

32 32 65 32 79 86 69 89 65 79 81 

0

84 71 87 32 77 69 84 69 79 32 81 

1

77 66 90 67 82 32 86 32 73 83 78 

0

90 79 72 67 78 79 75 75 71 87 79 

0

67 68 71 86 32 32 32 74 68 89 90 

0

83 85 74 32 81 84 76 82 78 88 73 

0

80 86 81 77 66 85 83 70 69 80 70 

0

81 65 32 32 87 88 88 71 82 88 32 

0

78 68 32 32 76 66 85 32 80 88 87 

0

75 69 32 77 69 84 69 79 32 88 83 

1

87 72 88 78 32 74 87 32 87 89 72 

0

78 66 67 78 68 79 73 85 83 80 32 

0

32 75 32 77 69 84 69 79 32 80 65 

1

84 89 89 73 73 32 32 73 32 71 65 

0

32 32 74 32 77 69 84 69 79 32 65 

1

73 69 79 32 77 69 84 69 79 32 65 

1

77 85 65 32 77 69 84 69 79 32 65 

1

32 32 75 32 83 75 67 80 78 85 85 

0

32 65 32 77 69 84 69 79 32 85 78 

1

32 77 69 84 69 79 32 79 77 67 71 

1

32 77 69 84 69 79 32 79 82 89 32 

1

71 89 78 32 67 89 32 78 70 70 32 

0

74 72 86 85 82 80 82 70 90 84 68 

0

79 87 32 77 69 84 69 79 32 84 86 

1

72 80 32 32 85 75 66 66 32 69 76 

0

32 86 72 32 68 82 81 65 68 32 83 

0

32 81 80 68 32 75 78 77 69 76 71 

0

83 81 32 77 69 84 69 79 32 76 65 

1

67 78 32 77 69 84 69 79 32 76 82 

1

77 67 32 68 78 86 67 80 87 65 66 

0

